ENTREZID	SYMBOL	m1_Pb_DMSO.rpkm	m3_Pb_DMSO.rpkm	m2_Pb_DMSO.rpkm	m1_naive.rpkm	m2_naive.rpkm	m3_naive.rpkm
100033459	Pydc3	0.6	0.6	2.4	21.7	21.7	22.7
100034251	Wfdc17	0.4	0.1	0.3	12.7	12.7	12.9
100037258	Dnajc3	120.6	112.1	120.8	22.6	22.6	22.2
100038363	F630028O10Rik	0.0	0.0	0.0	1.1	1.1	1.6
100038752	Gm10825	0.5	0.4	0.5	3.1	3.1	3.0
100038882	Isg15	44.3	53.3	89.0	7.3	7.3	9.8
100038909	Gm14548	0.0	0.0	0.0	2.8	2.8	3.1
100038947	LOC100038947	0.0	0.0	0.0	2.2	2.2	2.7
100040462	Mndal	44.3	42.1	59.9	218.1	218.1	250.7
100040596	NA	1.8	1.9	2.3	0.4	0.4	0.4
100041244	Gm3230	0.0	0.1	0.1	2.0	2.0	1.7
100041546	Ly6c2	114.2	112.9	349.3	21.6	21.6	26.0
100042150	Nrg2	2.0	1.5	2.1	0.2	0.2	0.2
100042480	Nhsl2	0.0	0.0	0.0	0.3	0.3	0.3
100042784	Prdm11	0.2	0.2	0.1	1.7	1.7	1.7
100042970	NA	21.8	25.1	22.4	1.1	1.1	1.2
100043305	Gm4349	2.5	2.9	3.3	0.4	0.4	0.2
100043314	Tigit	15.7	14.6	25.6	0.4	0.4	0.4
100043424	Gm14005	4.0	4.1	3.7	0.2	0.2	0.3
100043636	AI662270	389.7	402.8	373.4	75.0	75.0	72.8
100043757	Zfp831	0.9	0.7	1.1	23.3	23.3	22.4
100121	Tdrd7	2.1	2.1	2.7	9.8	9.8	10.7
100163	Pafah2	3.1	3.6	3.2	0.6	0.6	0.8
100169	Phactr4	3.0	2.8	2.2	14.3	14.3	11.8
100201	Tmem64	5.2	4.6	5.2	24.0	24.0	21.6
100434	Slc44a1	27.1	26.0	29.2	5.7	5.7	5.6
100499420	NA	0.7	1.1	1.0	0.0	0.0	0.1
100502698	1700021K19Rik	6.9	7.0	6.5	45.3	45.3	46.4
100503605	Hbb-bs	0.2	0.1	0.4	62.0	62.0	212.2
100561	Slc15a4	8.8	9.3	8.7	47.0	47.0	45.8
100678	Psph	42.0	41.8	37.2	7.9	7.9	7.6
100702	Gbp6	17.5	20.3	37.5	2.7	2.7	2.5
100952	Emilin1	5.6	5.8	5.8	0.1	0.1	0.3
100978	Nfxl1	22.7	23.6	21.9	2.8	2.8	2.8
101490	Inpp5f	2.9	3.4	3.4	15.7	15.7	17.1
101497	Plekhg2	5.1	5.7	6.0	23.5	23.5	23.0
101809	Spred3	2.0	2.4	2.7	0.2	0.2	0.3
102032	Smim19	3.2	2.9	2.6	12.3	12.3	12.2
102098	Arhgef18	1.2	1.2	1.4	37.3	37.3	37.7
102103	Mtus1	0.0	0.0	0.0	0.3	0.3	0.3
102124	Enkd1	3.8	5.1	4.2	0.8	0.8	1.3
102371	Myzap	15.9	16.0	15.3	3.7	3.7	4.3
102502	Pls1	5.0	5.9	8.7	0.5	0.5	0.3
102657	Cd276	0.0	0.1	0.1	1.4	1.4	1.6
102857	Slc6a8	0.8	0.7	0.8	0.1	0.1	0.1
102920	Cenpi	12.2	12.5	10.7	0.8	0.8	1.0
103012	Firre	6.5	7.4	7.7	1.2	1.2	1.5
103140	Gstt3	9.0	10.0	9.5	0.7	0.7	0.5
103220	Ttc41	12.0	13.2	12.2	0.3	0.3	0.5
103712	6330403K07Rik	2.1	2.4	2.7	0.1	0.1	0.1
103841	Cuedc1	0.1	0.1	0.1	1.4	1.4	1.8
103963	Rpn1	405.3	398.2	413.2	40.2	40.2	38.4
103967	Dnm3	1.9	1.9	1.9	0.1	0.1	0.0
104001	Rtn1	0.0	0.0	0.0	3.4	3.4	3.3
104086	Cyp27a1	0.4	0.8	0.5	24.4	24.4	28.0
104099	Itga9	0.1	0.1	0.2	0.7	0.7	1.4
104103	Airn	3.4	2.9	4.6	0.1	0.1	0.1
104175	Sbk1	5.0	4.5	3.1	123.8	123.8	101.7
104271	Tex15	0.3	0.4	0.5	0.0	0.0	0.0
104444	Rexo2	131.3	127.0	122.7	15.3	15.3	15.1
104709	Pik3r6	4.5	5.3	4.5	0.4	0.4	0.6
104910	Slc25a47	2.3	3.2	2.6	0.2	0.2	0.3
105000	Dnal1	0.6	0.6	0.9	0.2	0.2	0.1
105245	Txndc5	710.8	743.8	752.4	72.5	72.5	69.2
105670	Rcbtb2	25.4	26.9	25.2	2.6	2.6	2.8
105785	Kdelr3	11.4	11.8	13.8	0.1	0.1	0.0
105827	Amigo2	81.5	93.5	121.9	2.0	2.0	2.0
105988	Espl1	23.5	25.7	22.9	1.0	1.0	1.1
106200	Txndc11	69.5	63.6	70.1	11.1	11.1	10.4
106344	Rfc4	49.7	54.1	47.2	6.3	6.3	7.3
106389	Eaf2	136.3	143.7	132.7	3.3	3.3	3.3
106512	Gpsm3	10.5	9.6	12.2	104.5	104.5	95.0
106582	Nrm	15.1	15.8	13.0	79.5	79.5	66.9
106633	Ift140	6.6	6.0	6.5	27.9	27.9	28.8
106763	Ttbk1	0.0	0.0	0.1	0.6	0.6	0.9
106795	Tcf19	27.7	29.6	27.5	3.0	3.0	3.0
107065	Lrrtm2	0.9	0.7	1.2	0.2	0.2	0.0
107239	Carns1	2.6	3.1	2.5	26.2	26.2	26.9
107271	Yars	111.0	114.1	102.8	16.4	16.4	15.1
107272	Psat1	147.1	142.6	127.1	10.6	10.6	10.0
107371	Exoc6	6.5	5.9	5.2	29.0	29.0	29.5
107503	Atf5	26.4	24.5	39.9	3.1	3.1	3.0
107513	Ssr1	74.9	73.4	76.9	16.5	16.5	17.0
107515	Lgr4	1.5	1.2	1.6	0.3	0.3	0.2
107607	Nod1	0.8	1.0	1.4	10.7	10.7	10.8
107766	Haao	2.3	1.7	2.1	58.0	58.0	63.5
107771	Bmyc	6.8	6.3	6.2	39.4	39.4	37.8
107869	Cth	9.0	8.2	7.0	0.1	0.1	0.1
107895	Mgat5	0.9	0.7	0.8	3.8	3.8	3.8
107975	Pacs1	5.1	5.4	6.0	32.3	32.3	28.3
107995	Cdc20	77.3	81.6	67.6	3.5	3.5	3.0
108000	Cenpf	15.7	14.9	15.4	0.8	0.8	1.0
108015	Chrnb4	0.5	0.5	0.4	0.1	0.1	0.0
108037	Shmt2	170.1	173.8	154.4	35.2	35.2	30.8
108052	Slc14a1	0.4	0.3	0.5	16.3	16.3	17.0
108089	Rnf144a	0.3	0.3	0.5	33.0	33.0	31.8
108097	Prkab2	1.1	1.0	0.8	7.8	7.8	9.2
108105	B3gnt5	2.9	1.9	2.7	93.4	93.4	99.2
108115	Slco4a1	35.9	44.6	41.3	1.8	1.8	1.9
108148	Galnt2	71.4	71.7	79.1	13.4	13.4	13.4
108153	Adamts7	0.2	0.2	0.1	0.0	0.0	0.0
108154	Adamts6	0.8	0.7	0.7	8.3	8.3	10.3
108670	Epsti1	4.0	3.8	5.4	45.8	45.8	45.7
108682	Gpt2	9.4	9.5	9.2	0.6	0.6	0.4
108687	Edem2	181.7	179.6	214.3	26.9	26.9	25.6
108797	Mex3b	0.5	0.4	0.6	2.4	2.4	2.1
108800	Ston2	2.0	1.6	3.2	0.3	0.3	0.5
108900	Fam72a	4.7	4.6	3.3	0.5	0.5	0.4
108907	Nusap1	57.8	53.7	56.0	3.2	3.2	4.0
108912	Cdca2	18.7	20.3	17.8	1.3	1.3	1.1
108956	Apol7c	0.0	0.0	0.0	24.1	24.1	30.1
108961	E2f8	23.3	21.7	19.3	1.6	1.6	1.9
109050	Fam212b	2.3	2.6	2.6	0.2	0.2	0.2
109129	Mmadhc	87.7	90.8	78.6	20.8	20.8	23.2
109212	Fam64a	11.5	9.6	11.4	0.6	0.6	0.7
109232	Sccpdh	7.4	7.6	8.3	2.0	2.0	1.7
109242	Kif24	3.2	3.2	3.2	0.6	0.6	0.7
109246	Tspan9	0.1	0.1	0.1	1.0	1.0	1.1
109620	Dsp	0.7	0.6	1.0	0.0	0.0	0.0
109689	Arrb1	2.6	2.8	3.5	15.6	15.6	15.9
109711	Actn1	0.6	0.4	0.7	5.2	5.2	6.6
109815	Vimp	227.1	238.6	222.6	41.6	41.6	36.7
110006	Gusb	81.2	80.3	81.9	18.1	18.1	16.5
110033	Kif22	60.8	62.4	57.8	4.3	4.3	4.8
110095	Pygl	0.1	0.1	0.3	3.5	3.5	4.3
110168	Gpr18	22.7	24.8	28.6	117.2	117.2	103.4
110172	Slc35b1	205.8	219.8	206.1	32.5	32.5	32.5
110197	Dgkg	5.7	5.3	7.1	0.2	0.2	0.2
110257	Hba-a2	0.0	0.0	0.0	51.6	51.6	165.3
110351	Rap1gap	11.5	11.9	16.2	2.5	2.5	2.0
110385	Pde4c	0.4	0.3	0.6	1.8	1.8	1.6
110454	Ly6a	966.3	1046.7	1337.1	165.4	165.4	226.0
110460	Acat2	28.1	26.9	25.9	6.6	6.6	6.2
110611	Hdlbp	242.5	234.6	235.2	31.7	31.7	31.7
110880	Scn4a	0.2	0.2	0.4	10.6	10.6	11.8
110920	Hspa13	51.9	47.6	49.3	3.7	3.7	4.0
111175	Pecr	24.6	23.6	22.9	1.3	1.3	2.2
112407	Egln3	12.8	13.5	18.8	0.2	0.2	0.2
11303	Abca1	2.6	2.4	3.0	23.2	23.2	22.9
11305	Abca2	2.3	2.7	2.8	10.5	10.5	11.7
11416	Slc33a1	49.5	49.6	52.5	6.4	6.4	6.1
11421	Ace	0.0	0.0	0.0	1.7	1.7	2.8
11423	Ache	0.4	0.5	0.5	0.0	0.0	0.2
11426	Macf1	17.2	16.0	19.1	78.5	78.5	92.2
11433	Acp5	12.2	12.3	16.2	120.0	120.0	103.7
114570	Crip3	0.0	0.0	0.0	3.1	3.1	3.5
114606	Tle6	1.8	2.5	2.9	0.2	0.2	0.2
114643	Oas1c	2.1	2.1	2.4	10.3	10.3	11.3
114663	Impa2	16.4	16.3	17.2	4.3	4.3	3.7
114664	Hsd17b11	1.4	1.3	1.7	20.1	20.1	18.6
114679	Selm	17.4	16.5	21.2	0.4	0.4	0.5
11482	Acvrl1	0.1	0.1	0.2	1.1	1.1	1.4
11486	Ada	56.7	51.8	51.2	4.1	4.1	4.3
11488	Adam11	0.0	0.0	0.0	1.8	1.8	2.3
11496	Adam22	0.1	0.2	0.1	0.6	0.6	0.8
11534	Adk	12.1	11.8	11.9	2.2	2.2	2.7
11555	Adrb2	5.2	5.3	6.6	35.6	35.6	37.7
11571	Crisp1	7.9	11.2	16.9	0.3	0.3	0.2
11576	Afp	0.1	0.3	0.2	2.3	2.3	2.3
11603	Agrn	3.5	4.7	6.3	1.0	1.0	1.2
11628	Aicda	15.4	9.8	10.0	2.1	2.1	1.3
11629	Aif1	0.2	0.1	0.4	4.9	4.9	5.8
11639	Ak4	2.0	1.8	1.7	0.0	0.0	0.0
11640	Akap1	7.8	8.0	6.7	0.4	0.4	0.4
11647	Alpl	156.5	146.0	191.7	3.6	3.6	2.9
11656	Alas2	0.6	0.4	0.5	1.5	1.5	4.6
11658	Alcam	72.5	71.1	79.3	9.0	9.0	9.0
11669	Aldh2	9.5	9.4	9.9	111.2	111.2	112.6
11676	Aldoc	18.1	18.2	29.4	3.8	3.8	4.4
116871	Mta3	2.7	2.5	2.1	22.1	22.1	20.2
11690	Alox5ap	0.7	0.8	1.3	28.7	28.7	28.6
117160	Ttyh2	0.2	0.2	0.1	1.5	1.5	1.6
11717	Ampd3	0.6	0.7	0.6	8.6	8.6	9.6
11732	Ank	1.0	0.9	0.8	7.1	7.1	7.0
11745	Anxa3	0.0	0.0	0.0	2.4	2.4	3.0
11768	Ap1m2	0.3	0.3	0.3	3.1	3.1	2.7
11777	Ap3s1	66.4	60.5	74.4	10.5	10.5	11.1
11799	Birc5	46.8	48.1	42.0	1.6	1.6	1.9
11801	Cd5l	0.4	0.5	0.7	3.5	3.5	7.9
11816	Apoe	4.5	5.3	5.3	80.3	80.3	77.1
11820	App	1.0	0.8	1.6	6.8	6.8	7.8
11910	Atf3	3.9	3.0	2.9	25.4	25.4	21.7
11979	Atp7b	0.7	0.7	0.8	0.1	0.1	0.3
11982	Atp10a	8.5	9.0	11.4	0.4	0.4	0.4
11989	Slc7a3	34.0	33.9	34.1	0.2	0.2	0.1
12014	Bach2	4.6	4.0	4.5	33.6	33.6	33.9
12021	Bard1	10.7	10.9	10.7	1.7	1.7	1.4
12029	Bcl6b	2.1	2.7	2.0	0.4	0.4	0.6
12035	Bcat1	6.0	5.4	3.5	0.2	0.2	0.2
12048	Bcl2l1	49.9	51.4	56.2	1.9	1.9	1.7
12053	Bcl6	2.3	1.8	2.1	64.9	64.9	56.5
12068	Bet1	56.8	59.8	58.0	8.5	8.5	11.0
12125	Bcl2l11	37.9	40.8	34.0	7.1	7.1	6.5
12142	Prdm1	115.5	125.5	120.8	1.3	1.3	1.2
12143	Blk	16.8	18.7	17.0	213.6	213.6	225.2
12144	Blm	19.0	17.9	17.1	3.3	3.3	3.8
12153	Bmp1	1.3	1.3	1.3	0.1	0.1	0.1
12166	Bmpr1a	0.9	1.0	0.9	0.1	0.1	0.0
12176	Bnip3	52.4	43.9	47.4	7.6	7.6	6.9
12192	Zfp36l1	56.5	62.8	63.5	403.2	403.2	364.0
12193	Zfp36l2	24.1	22.6	24.7	100.5	100.5	97.6
12212	Chic1	0.1	0.1	0.2	0.6	0.6	1.0
12215	Bsg	246.5	250.3	278.6	62.2	62.2	58.8
12226	Btg1	9.7	8.4	10.2	278.9	278.9	259.4
12235	Bub1	25.3	24.8	22.2	0.9	0.9	0.9
12236	Bub1b	60.6	64.5	60.5	4.2	4.2	4.0
12259	C1qa	0.0	0.0	0.0	9.4	9.4	17.4
12260	C1qb	0.1	0.3	0.6	7.9	7.9	19.1
12262	C1qc	0.0	0.0	0.0	9.5	9.5	24.7
12265	Ciita	2.1	1.9	1.8	66.5	66.5	67.1
12266	C3	0.0	0.0	0.1	2.9	2.9	3.3
12269	C4bp	8.6	9.1	7.4	0.0	0.0	0.0
12274	C6	0.0	0.0	0.0	1.0	1.0	2.4
12282	Hyou1	288.3	285.5	314.3	42.5	42.5	37.6
12292	Cacna1s	6.5	6.6	7.2	0.3	0.3	0.5
12304	Pdia4	877.9	854.8	914.2	140.8	140.8	124.4
12305	Ddr1	0.2	0.1	0.1	2.7	2.7	3.3
12306	Anxa2	0.7	1.0	1.9	9.2	9.2	8.3
12316	Aspm	11.7	10.7	10.9	0.5	0.5	0.5
12321	Calu	170.3	160.7	173.5	34.5	34.5	32.1
12349	Car2	2.9	2.6	2.7	10.3	10.3	19.1
12367	Casp3	39.4	39.2	41.9	8.5	8.5	9.7
12393	Runx2	0.0	0.0	0.0	1.3	1.3	2.0
12428	Ccna2	105.1	100.0	91.2	3.4	3.4	5.1
12442	Ccnb2	56.7	58.8	48.0	3.6	3.6	3.8
12443	Ccnd1	0.3	0.2	0.2	10.4	10.4	11.5
12444	Ccnd2	240.2	242.5	262.5	20.0	20.0	20.9
12447	Ccne1	31.7	32.7	30.9	6.6	6.6	6.1
12448	Ccne2	11.7	11.1	10.1	0.8	0.8	1.0
12449	Ccnf	14.6	15.5	13.8	1.4	1.4	1.2
12458	Ccr6	12.6	10.7	10.1	60.8	60.8	66.7
12475	Cd14	0.1	0.1	0.2	2.1	2.1	2.7
12477	Ctla4	79.9	82.5	94.8	1.0	1.0	1.2
12478	Cd19	96.4	110.2	91.2	440.0	440.0	459.3
12482	Ms4a1	61.8	62.0	58.9	277.8	277.8	307.2
12483	Cd22	18.9	19.0	16.4	295.0	295.0	298.5
12487	Cd28	10.0	7.9	12.5	0.8	0.8	0.8
12491	Cd36	127.7	127.7	84.4	20.6	20.6	23.2
12493	Cd37	20.3	22.0	21.7	273.3	273.3	269.6
12494	Cd38	19.2	16.3	28.3	102.1	102.1	105.8
12495	Entpd1	36.3	34.8	42.3	7.9	7.9	9.9
12501	Cd3e	0.0	0.0	0.0	2.7	2.7	2.6
12502	Cd3g	0.2	0.1	0.1	3.4	3.4	4.3
12504	Cd4	0.0	0.0	0.1	5.5	5.5	6.8
12507	Cd5	0.0	0.1	0.1	2.9	2.9	3.1
12514	Cd68	4.6	4.4	5.4	18.7	18.7	22.6
12515	Cd69	12.8	17.3	11.7	61.7	61.7	63.5
12516	Cd7	0.0	0.0	0.0	20.3	20.3	22.6
12517	Cd72	15.4	14.9	15.4	193.4	193.4	203.2
12522	Cd83	20.7	18.2	16.7	158.0	158.0	123.1
12523	Cd84	7.0	7.7	8.6	37.6	37.6	40.1
12524	Cd86	3.4	2.7	5.6	18.2	18.2	22.8
12525	Cd8a	0.1	0.0	0.0	5.6	5.6	4.6
12530	Cdc25a	22.1	22.9	20.7	4.9	4.9	4.4
12532	Cdc25c	20.7	22.4	19.1	0.5	0.5	0.4
12534	Cdk1	55.7	59.2	51.9	1.4	1.4	2.1
12544	Cdc45	68.3	68.3	66.1	3.4	3.4	2.7
12558	Cdh2	0.9	1.1	1.6	0.3	0.3	0.1
12575	Cdkn1a	12.4	16.1	16.5	3.1	3.1	1.9
12578	Cdkn2a	19.3	22.2	22.6	0.1	0.1	0.2
12579	Cdkn2b	9.4	11.6	9.9	0.3	0.3	0.3
12580	Cdkn2c	22.5	22.4	22.6	4.4	4.4	4.7
12585	Cdr2	16.0	15.9	15.0	1.0	1.0	1.5
12606	Cebpa	0.0	0.0	0.0	1.3	1.3	1.7
12649	Chek1	14.4	14.9	14.4	0.7	0.7	0.7
12655	Chil3	0.0	0.0	0.0	11.7	11.7	4.3
12695	Inadl	0.1	0.1	0.1	2.2	2.2	2.3
12696	Cirbp	18.1	20.5	20.1	110.2	110.2	112.1
12700	Cish	21.5	25.4	31.5	0.4	0.4	0.5
12704	Cit	7.9	8.0	8.6	0.7	0.7	0.7
12709	Ckb	48.7	51.5	56.8	6.6	6.6	8.1
12745	Clgn	0.5	0.6	0.3	0.1	0.1	0.0
12768	Ccr1	0.1	0.1	0.1	4.0	4.0	3.2
12771	Ccr3	0.0	0.0	0.0	1.6	1.6	4.3
12772	Ccr2	0.1	0.0	0.1	6.2	6.2	7.9
12775	Ccr7	5.4	4.6	7.4	222.9	222.9	174.0
12777	Ccr10	2.7	2.9	2.3	0.0	0.0	0.0
12798	Cnn2	36.8	35.5	33.2	269.1	269.1	245.2
12799	Cnp	25.2	24.1	26.1	104.3	104.3	100.8
12802	Cnr2	3.1	2.7	2.8	75.3	75.3	74.2
12807	Hps3	3.6	4.1	3.0	18.5	18.5	21.0
12836	Col7a1	1.2	1.6	1.6	0.4	0.4	0.3
12874	Cpd	5.4	5.1	7.0	0.4	0.4	0.5
12890	Cplx2	0.4	0.4	0.5	4.4	4.4	4.3
12892	Cpox	29.8	28.0	26.5	6.2	6.2	6.9
12902	Cr2	7.6	8.2	7.1	158.3	158.3	168.4
12916	Crem	9.2	9.3	10.7	2.5	2.5	2.3
12931	Crlf1	2.8	2.1	2.9	0.1	0.1	0.1
12977	Csf1	0.3	0.3	0.7	1.9	1.9	1.6
12978	Csf1r	0.0	0.0	0.0	9.2	9.2	16.8
12983	Csf2rb	84.4	87.1	110.6	11.5	11.5	13.3
12984	Csf2rb2	17.9	19.5	27.4	3.6	3.6	4.8
12986	Csf3r	0.0	0.0	0.0	3.7	3.7	4.2
13003	Vcan	0.3	0.2	0.2	0.1	0.1	0.1
13024	Ctla2a	0.6	0.7	1.0	3.5	3.5	2.9
13036	Ctsh	30.6	31.4	25.8	228.0	228.0	249.3
13041	Ctsw	0.6	0.5	0.7	2.9	2.9	3.9
13043	Cttn	2.7	2.6	3.3	0.3	0.3	0.3
13051	Cx3cr1	0.0	0.0	0.0	3.1	3.1	3.1
13052	Cxadr	1.5	1.5	1.8	0.1	0.1	0.1
13056	Cyb561	1.0	1.1	1.3	0.1	0.1	0.1
13121	Cyp51	78.8	71.7	81.1	10.2	10.2	10.2
13136	Cd55	8.4	8.4	8.8	213.7	213.7	213.9
13137	Cd55b	1.7	1.3	1.1	23.9	23.9	27.3
13143	Dapk2	0.7	0.7	1.3	0.2	0.2	0.1
13167	Dbi	155.7	155.9	137.1	33.8	33.8	32.7
13196	Asap1	5.2	5.1	5.9	27.0	27.0	24.3
13200	Ddost	440.9	438.5	460.0	59.1	59.1	55.5
13202	Ddt	200.0	212.3	190.3	27.3	27.3	27.7
13361	Dhfr	13.3	14.5	12.5	1.9	1.9	1.9
13417	Dnah8	0.0	0.0	0.0	2.1	2.1	2.1
13421	Dnase1l3	0.3	0.2	0.2	25.4	25.4	25.0
13496	Arid3a	72.7	69.7	71.5	12.1	12.1	12.7
13497	Drp2	0.7	0.7	0.7	0.0	0.0	0.0
13508	Dscam	0.0	0.0	0.0	1.2	1.2	1.0
13537	Dusp2	10.4	13.7	13.9	151.9	151.9	141.7
13555	E2f1	17.9	18.9	19.0	3.4	3.4	3.3
13591	Ebf1	5.6	5.4	5.0	47.4	47.4	40.9
13603	Opn3	1.2	1.6	1.0	7.4	7.4	9.0
13605	Ect2	19.5	18.8	17.3	1.5	1.5	1.4
13609	S1pr1	4.5	4.7	4.1	145.7	145.7	127.3
13610	S1pr3	0.2	0.2	0.2	11.5	11.5	7.2
13643	Efnb3	1.6	1.6	1.5	0.2	0.2	0.3
13653	Egr1	7.7	14.7	10.5	107.9	107.9	95.5
13654	Egr2	1.6	2.3	2.6	13.8	13.8	12.6
13655	Egr3	1.4	1.3	1.8	70.9	70.9	60.2
13661	Ehf	0.1	0.1	0.1	1.2	1.2	0.8
13730	Emp1	1.7	1.4	1.2	0.1	0.1	0.1
13733	Adgre1	0.1	0.0	0.1	6.2	6.2	11.2
13801	Enam	0.5	0.4	0.8	0.0	0.0	0.0
13808	Eno3	2.8	3.3	4.1	16.0	16.0	16.7
13819	Epas1	2.8	2.9	3.5	0.2	0.2	0.2
13830	Stom	1.0	1.1	1.4	9.3	9.3	10.1
13849	Ephx1	4.1	3.9	5.7	95.8	95.8	89.1
13852	Stx2	0.8	0.9	1.3	5.0	5.0	5.4
13860	Eps8	0.4	0.4	0.4	3.8	3.8	4.5
13982	Esr1	0.0	0.0	0.1	0.7	0.7	0.7
14007	Celf2	3.4	3.1	3.3	15.3	15.3	14.9
14012	Mpzl2	0.9	1.3	1.5	0.1	0.1	0.1
14020	Evi5	34.8	32.7	41.7	3.5	3.5	4.1
14025	Bcl11a	3.6	3.4	2.5	37.2	37.2	36.0
14026	Evl	5.0	3.8	5.0	94.9	94.9	94.3
140497	AF251705	0.0	0.0	0.0	4.1	4.1	6.8
14056	Ezh2	80.3	81.4	71.2	13.8	13.8	14.3
140577	Ankrd6	0.5	0.4	0.5	0.1	0.1	0.1
14067	F5	0.0	0.0	0.0	0.4	0.4	0.5
140703	Emid1	0.3	0.2	0.2	19.0	19.0	17.4
140742	Sesn1	8.2	9.2	10.1	45.8	45.8	45.2
14077	Fabp3	5.1	4.2	4.7	0.5	0.5	0.8
140780	Bmp2k	4.9	4.5	4.6	30.8	30.8	31.8
14086	Fscn1	0.3	0.3	0.3	11.6	11.6	8.9
140917	Dclre1b	10.6	11.6	11.1	2.8	2.8	2.8
14127	Fcer1g	1.7	1.7	1.8	40.0	40.0	43.4
14128	Fcer2a	5.9	4.7	4.8	357.8	357.8	400.7
14132	Fcgrt	0.1	0.1	0.2	18.1	18.1	19.7
14133	Fcna	0.1	0.0	0.1	4.8	4.8	13.2
14137	Fdft1	30.8	29.2	32.2	7.0	7.0	6.8
14156	Fen1	92.3	96.9	95.4	15.3	15.3	15.3
14159	Fes	1.6	1.7	1.7	14.2	14.2	15.3
14166	Fgf11	5.2	5.4	7.0	0.3	0.3	0.2
14168	Fgf13	0.2	0.2	0.2	1.1	1.1	1.3
14191	Fgr	0.3	0.4	0.5	27.3	27.3	29.5
14204	Il4i1	1.3	1.1	1.6	15.0	15.0	18.9
14211	Smc2	42.5	39.9	38.5	7.2	7.2	7.4
14218	Sh3pxd2a	1.7	1.6	1.8	22.4	22.4	21.9
14227	Fkbp2	156.2	156.1	170.5	29.7	29.7	27.7
14235	Foxm1	56.3	56.4	56.2	3.5	3.5	3.7
14263	Fmo5	0.3	0.3	0.3	2.8	2.8	3.2
14268	Fn1	0.1	0.1	0.1	3.4	3.4	5.4
142688	Asb13	3.3	3.2	4.0	18.9	18.9	20.6
14281	Fos	3.7	4.0	3.3	308.9	308.9	308.1
14282	Fosb	0.3	0.2	0.3	149.0	149.0	138.2
142980	Tlr3	0.0	0.0	0.1	3.1	3.1	3.2
14343	Fut1	5.6	5.1	7.4	0.1	0.1	0.0
14357	Dtx1	12.6	12.2	13.1	62.1	62.1	45.9
14411	Slc6a12	0.0	0.1	0.1	0.6	0.6	0.6
14415	Gad1	0.0	0.0	0.0	1.8	1.8	2.1
14421	B4galnt1	14.2	13.7	13.0	133.9	133.9	123.2
14468	Gbp2b	1.2	0.5	1.6	0.1	0.1	0.1
14525	Gcsam	0.0	0.0	0.0	2.1	2.1	1.6
14537	Gcnt1	1.5	1.5	1.8	16.7	16.7	19.6
14538	Gcnt2	0.1	0.0	0.0	0.7	0.7	0.7
14544	Gda	0.0	0.0	0.0	1.1	1.1	1.5
14561	Gdf11	0.9	0.7	0.9	21.8	21.8	19.8
14571	Gpd2	1.8	1.8	1.8	10.8	10.8	10.2
14579	Gem	6.8	7.1	7.8	31.0	31.0	26.9
14582	Gfi1b	0.8	0.9	0.5	0.0	0.0	0.4
14583	Gfpt1	48.7	44.5	48.5	11.4	11.4	11.7
14586	Gfra2	0.0	0.0	0.0	1.0	1.0	2.1
14595	B4galt1	144.1	138.5	154.0	29.7	29.7	28.3
14599	Gh	0.4	0.5	0.3	3.1	3.1	4.0
14605	Tsc22d3	7.5	6.5	8.7	118.1	118.1	122.5
14645	Glul	8.8	8.2	8.7	47.4	47.4	46.6
14664	Slc6a9	4.4	4.9	5.0	0.1	0.1	0.6
14686	Gnat2	2.0	1.9	2.2	0.1	0.1	0.0
14687	Gnaz	5.0	4.2	4.4	0.1	0.1	0.0
14695	Gnb3	1.4	1.6	2.2	0.0	0.0	0.0
14704	Gng3	1.2	1.5	1.3	0.1	0.1	0.2
14727	Lilr4b	0.0	0.0	0.1	4.7	4.7	5.6
14728	Lilrb4a	0.2	0.1	0.3	9.3	9.3	11.8
14758	Gpm6b	0.1	0.1	0.1	0.8	0.8	0.9
14778	Gpx3	17.5	15.7	21.7	1.1	1.1	1.0
14793	Cdca3	123.7	119.9	109.5	3.7	3.7	4.6
14828	Hspa5	952.1	962.7	1022.3	248.5	248.5	236.3
14841	Gsg2	15.9	16.3	15.0	3.3	3.3	3.2
14870	Gstp1	298.9	304.1	282.0	75.4	75.4	72.1
14871	Gstt1	17.6	16.8	24.0	0.3	0.3	0.1
14872	Gstt2	58.8	63.1	51.7	8.1	8.1	9.7
14913	Guca1a	7.7	7.3	8.2	0.3	0.3	0.5
14938	Gzma	0.7	0.7	0.4	5.0	5.0	6.4
14950	H13	117.6	114.6	120.2	12.2	12.2	11.7
14958	H1f0	88.8	84.4	110.1	4.9	4.9	6.1
14960	H2-Aa	73.7	71.2	62.3	863.1	863.1	849.4
14961	H2-Ab1	175.2	174.0	158.1	1399.1	1399.1	1333.9
14969	H2-Eb1	96.0	96.3	95.4	992.9	992.9	946.6
14977	Slc39a7	111.1	116.7	112.8	27.9	27.9	28.0
14990	H2-M2	0.0	0.0	0.0	4.9	4.9	6.1
14998	H2-DMa	15.4	15.3	15.3	238.4	238.4	215.5
14999	H2-DMb1	10.4	9.0	10.1	274.0	274.0	246.6
15000	H2-DMb2	24.1	17.8	17.0	528.2	528.2	472.2
15001	H2-Oa	1.3	1.0	2.0	139.7	139.7	129.0
15002	H2-Ob	15.1	16.7	17.0	259.6	259.6	264.1
15129	Hbb-b1	1.5	0.9	1.0	28.9	28.9	134.2
15162	Hck	1.8	1.4	2.5	81.7	81.7	75.0
15170	Ptpn6	49.5	48.2	45.5	362.4	362.4	342.3
15201	Hells	51.0	48.8	43.5	6.8	6.8	6.7
15205	Hes1	5.3	5.4	5.1	26.1	26.1	22.9
15216	Hfe	0.0	0.0	0.0	5.3	5.3	8.6
15235	Mst1	0.5	0.8	0.6	2.8	2.8	3.2
15242	Hhex	4.1	3.1	3.5	94.2	94.2	91.1
15273	Hivep2	1.3	1.3	1.6	19.6	19.6	18.9
15277	Hk2	30.9	28.6	30.9	3.5	3.5	3.5
15284	Hlx	0.7	0.6	0.6	3.1	3.1	2.6
15354	Hmgb3	28.3	28.1	28.4	7.0	7.0	6.1
15357	Hmgcr	77.0	77.2	79.9	19.1	19.1	18.3
15366	Hmmr	34.8	33.4	32.4	1.2	1.2	1.4
15370	Nr4a1	1.2	1.5	1.4	259.7	259.7	186.8
15439	Hp	0.0	0.1	0.1	3.8	3.8	3.5
15446	Hpgd	0.0	0.0	0.0	5.4	5.4	9.1
15450	Lipc	0.3	0.4	0.4	1.8	1.8	2.0
15468	Prmt2	0.5	0.9	0.8	4.9	4.9	4.3
15476	Hs3st1	2.4	2.3	2.7	15.1	15.1	10.7
15507	Hspb1	1.4	1.7	2.6	0.1	0.1	0.1
15530	Hspg2	0.0	0.1	0.1	0.4	0.4	0.4
15893	Ica1	9.2	8.2	8.6	0.0	0.0	0.1
15902	Id2	5.0	4.8	4.6	28.3	28.3	31.1
15903	Id3	2.7	3.7	2.0	32.0	32.0	35.4
15930	Ido1	1.3	1.0	1.4	0.1	0.1	0.2
15936	Ier2	18.1	23.5	19.6	99.3	99.3	86.1
15939	Ier5	23.1	23.0	27.5	136.5	136.5	128.4
15950	Ifi203	7.8	7.5	11.4	82.4	82.4	96.1
15958	Ifit2	0.5	0.5	0.6	7.5	7.5	9.9
15959	Ifit3	0.1	0.1	0.2	10.0	10.0	12.4
15979	Ifngr1	9.4	8.2	8.6	69.4	69.4	69.2
16000	Igf1	0.0	0.0	0.0	0.5	0.5	0.8
16004	Igf2r	26.4	24.7	26.2	4.7	4.7	5.0
16069	Jchain	1671.1	1697.2	1636.4	46.0	46.0	45.9
16145	Igtp	85.7	81.8	127.4	12.2	12.2	11.9
16153	Il10	59.1	78.6	100.5	1.0	1.0	0.5
16154	Il10ra	9.3	9.3	9.5	75.5	75.5	86.3
16159	Il12a	4.3	5.4	4.8	22.8	22.8	23.5
16162	Il12rb2	0.3	0.5	0.5	2.4	2.4	2.1
16176	Il1b	0.1	0.0	0.1	11.0	11.0	10.8
16184	Il2ra	31.5	32.8	38.0	1.6	1.6	1.4
16190	Il4ra	6.3	6.2	7.5	77.9	77.9	78.3
16193	Il6	0.5	0.6	0.2	0.0	0.0	0.1
16194	Il6ra	3.4	3.0	2.8	13.2	13.2	15.1
16197	Il7r	0.0	0.1	0.1	2.4	2.4	3.2
16199	Il9r	0.2	0.3	0.3	19.4	19.4	19.6
16319	Incenp	76.9	75.3	73.9	11.6	11.6	11.2
16403	Itga6	1.1	1.3	0.9	5.0	5.0	4.8
16409	Itgam	0.3	0.2	0.2	3.7	3.7	4.4
16411	Itgax	0.0	0.0	0.0	21.3	21.3	24.4
16419	Itgb5	6.6	7.0	8.3	1.1	1.1	2.0
16421	Itgb7	2.1	2.6	3.7	88.4	88.4	86.5
16430	Stt3a	322.7	316.3	322.3	49.7	49.7	49.0
16438	Itpr1	5.7	5.8	4.7	22.5	22.5	26.3
16449	Jag1	0.0	0.1	0.1	0.9	0.9	0.6
16451	Jak1	33.2	31.0	30.2	151.1	151.1	153.8
16477	Junb	26.6	24.0	29.1	219.2	219.2	180.4
16480	Jup	0.2	0.2	0.2	1.4	1.4	2.0
16499	Kcnab3	2.2	2.4	3.2	0.3	0.3	0.2
16500	Kcnb1	0.3	0.4	0.5	2.5	2.5	2.1
16513	Kcnj10	0.2	0.1	0.2	1.0	1.0	1.4
16517	Kcnj16	0.0	0.0	0.0	0.9	0.9	1.5
16534	Kcnn4	44.0	43.2	52.8	3.9	3.9	5.1
16541	Napsa	38.7	38.8	35.9	187.1	187.1	177.5
16551	Kif11	72.7	71.6	67.8	3.0	3.0	3.8
16571	Kif4	23.5	23.3	20.9	0.9	0.9	1.0
16574	Kif5c	1.1	1.1	0.7	0.1	0.1	0.1
16578	Kif9	0.2	0.1	0.2	2.2	2.2	2.4
16580	Kifc5b	12.3	15.3	12.8	1.5	1.5	1.2
16590	Kit	1.0	0.8	0.7	3.3	3.3	3.2
16598	Klf2	4.4	3.1	2.5	273.3	273.3	275.2
16599	Klf3	3.9	2.9	4.0	29.6	29.6	26.5
16600	Klf4	0.9	0.7	1.0	41.7	41.7	38.6
16633	Klra2	0.0	0.0	0.0	2.6	2.6	3.6
16641	Klrc1	0.0	0.0	0.0	1.7	1.7	2.4
16643	Klrd1	0.2	0.1	0.1	11.6	11.6	14.7
16647	Kpna2	194.4	195.6	182.7	25.9	25.9	24.1
16658	Mafb	0.0	0.0	0.0	1.9	1.9	3.6
16728	L1cam	0.9	0.8	0.9	4.5	4.5	4.1
16763	Lad1	0.1	0.0	0.0	1.4	1.4	1.2
16764	Aff3	3.6	2.3	3.8	44.4	44.4	44.2
16765	Stmn1	166.6	170.5	163.4	31.0	31.0	30.2
16768	Lag3	6.2	8.1	10.7	1.9	1.9	2.5
16779	Lamb2	0.5	0.5	0.5	0.1	0.1	0.1
16780	Lamb3	1.0	1.1	1.3	6.2	6.2	6.5
16790	Anpep	0.0	0.0	0.0	9.1	9.1	8.1
16797	Lat	0.5	0.4	0.7	3.8	3.8	3.8
16816	Lcat	2.9	2.5	2.9	0.3	0.3	0.1
16818	Lck	1.3	1.2	1.7	17.5	17.5	17.7
16822	Lcp2	0.2	0.1	0.1	7.7	7.7	8.7
16828	Ldha	483.4	461.3	423.7	106.6	106.6	102.1
16835	Ldlr	30.5	31.9	36.2	7.0	7.0	7.4
16848	Lfng	1.7	2.0	1.9	29.2	29.2	25.2
16852	Lgals1	124.3	126.9	130.5	23.7	23.7	29.4
16854	Lgals3	0.5	0.3	0.6	13.4	13.4	12.9
16880	Lifr	0.0	0.1	0.0	1.9	1.9	1.8
16881	Lig1	61.3	63.8	57.0	11.3	11.3	11.2
16891	Lipg	2.2	2.3	3.3	0.1	0.1	0.0
16905	Lmna	2.1	2.4	2.2	0.5	0.5	0.7
16918	Mycl	0.4	0.3	0.4	3.2	3.2	2.8
16923	Sh2b3	9.0	9.2	8.8	71.3	71.3	67.8
16952	Anxa1	0.1	0.2	0.1	4.9	4.9	5.4
16956	Lpl	0.0	0.0	0.0	0.6	0.6	0.6
16970	Lrmp	11.8	12.6	11.3	92.2	92.2	101.9
16971	Lrp1	0.1	0.1	0.1	1.5	1.5	2.5
16975	Lrp8	4.5	4.8	4.7	0.4	0.4	0.8
16981	Lrrn3	2.8	2.6	1.7	0.3	0.3	0.3
16985	Lsp1	27.4	22.5	29.1	165.2	165.2	157.2
16987	Lss	29.9	29.6	29.6	3.9	3.9	4.0
16988	Lst1	0.4	0.2	0.9	12.3	12.3	13.0
16992	Lta	1.8	1.7	1.3	37.0	37.0	35.4
16994	Ltb	8.6	7.0	9.0	164.4	164.4	138.9
16998	Ltbp3	0.2	0.4	0.4	0.0	0.0	0.1
17000	Ltbr	0.2	0.2	0.2	2.0	2.0	2.2
170439	Elovl6	15.7	14.2	17.0	1.3	1.3	1.2
17059	Klrb1c	0.0	0.0	0.0	1.5	1.5	1.8
17064	Cd93	39.1	33.1	32.6	7.1	7.1	8.2
17067	Ly6c1	16.4	19.1	34.7	1.6	1.6	3.0
170716	Cyp4f13	2.1	2.7	3.7	13.1	13.1	14.6
170721	Papln	9.3	10.1	9.9	0.1	0.1	0.1
170748	Smco4	8.9	10.2	9.8	1.9	1.9	2.1
17075	Epcam	21.5	22.2	22.6	2.9	2.9	2.3
170765	Ripply3	2.9	3.5	4.1	0.3	0.3	0.4
170770	Bbc3	7.9	8.5	9.1	2.3	2.3	1.6
170786	Cd209a	0.0	0.0	0.0	10.8	10.8	12.9
17079	Cd180	14.3	13.1	13.3	133.5	133.5	124.9
170813	Ms4a3	1.1	1.5	1.6	0.0	0.0	0.1
170829	Tram2	93.1	81.4	93.6	6.2	6.2	6.8
170834	Oosp1	40.5	40.7	57.7	1.0	1.0	1.2
17084	Ly86	24.6	22.5	19.9	225.0	225.0	213.9
17086	Ncr1	0.0	0.0	0.0	3.1	3.1	3.5
17095	Lyl1	23.3	25.4	22.5	105.4	105.4	97.7
17096	Lyn	26.5	26.3	26.2	148.4	148.4	146.6
17101	Lyst	2.5	2.2	2.3	13.5	13.5	16.2
17105	Lyz2	0.4	0.2	0.4	152.1	152.1	180.0
17110	Lyz1	0.0	0.1	0.2	26.4	26.4	32.2
17118	Marcks	4.1	3.6	4.5	23.6	23.6	24.2
171207	Arhgap4	25.0	27.1	31.5	152.4	152.4	156.4
17121	Mxd3	11.4	13.1	11.8	1.1	1.1	1.5
171210	Acot2	1.4	1.3	1.4	11.6	11.6	10.8
171211	Edaradd	0.4	0.5	0.5	8.5	8.5	11.4
171212	Galnt10	1.7	1.5	1.4	14.3	14.3	12.7
17125	Smad1	0.3	0.4	0.7	3.0	3.0	2.7
171283	Havcr1	0.2	0.1	0.2	1.6	1.6	2.5
171284	Timd2	3.4	2.9	2.5	0.3	0.3	0.2
171285	Havcr2	0.1	0.0	0.1	7.3	7.3	8.1
17131	Smad7	1.5	1.5	1.5	10.5	10.5	9.6
17132	Maf	0.3	0.2	0.2	2.2	2.2	1.9
17135	Mafk	5.0	5.2	4.6	37.9	37.9	31.1
171504	Apobr	0.4	0.7	0.5	5.6	5.6	5.4
17179	Matk	0.9	1.0	1.0	6.7	6.7	7.1
17196	Mbp	1.4	1.3	1.0	12.5	12.5	12.3
17219	Mcm6	101.1	101.0	99.7	16.0	16.0	16.6
17259	Mef2b	33.5	33.7	25.5	2.4	2.4	1.7
17279	Melk	6.4	5.9	5.9	0.5	0.5	0.5
17289	Mertk	0.0	0.0	0.0	1.2	1.2	3.1
17319	Mif	311.2	305.9	300.4	74.7	74.7	71.8
17329	Cxcl9	0.0	0.1	0.4	3.2	3.2	2.2
17341	Bhlha15	98.1	94.4	103.9	1.5	1.5	1.3
17345	Mki67	296.1	273.6	275.0	6.5	6.5	10.1
17381	Mmp12	0.0	0.0	0.0	1.1	1.1	1.4
17395	Mmp9	0.1	0.1	0.0	1.8	1.8	1.3
17436	Me1	0.9	0.6	0.6	0.0	0.0	0.0
17444	Grap2	5.1	4.9	6.9	56.5	56.5	59.0
17470	Cd200	1.5	1.6	2.9	34.0	34.0	31.5
17472	Gbp4	86.3	90.6	122.2	23.0	23.0	26.9
17476	Mpeg1	4.9	3.9	6.9	52.6	52.6	65.2
17540	Mrvi1	0.0	0.0	0.0	0.6	0.6	0.6
17748	Mt1	12.9	15.7	19.6	0.5	0.5	0.5
17750	Mt2	8.4	10.5	17.0	0.1	0.1	0.0
17754	Map1a	0.7	0.5	1.1	0.0	0.0	0.0
17761	Map7	0.7	0.6	0.6	6.3	6.3	6.2
17768	Mthfd2	63.3	59.1	49.4	9.3	9.3	10.0
17769	Mthfr	6.8	7.2	7.2	1.7	1.7	2.0
17772	Mtm1	0.3	0.4	0.4	2.0	2.0	2.1
17777	Mttp	1.9	1.9	1.8	0.5	0.5	0.3
17857	Mx1	1.1	1.4	2.2	6.0	6.0	8.3
17858	Mx2	0.5	0.4	1.1	4.4	4.4	5.1
17864	Mybl1	7.2	7.7	7.0	1.6	1.6	1.4
17865	Mybl2	30.7	34.0	27.3	2.4	2.4	1.7
17872	Ppp1r15a	11.5	11.1	11.0	80.9	80.9	72.0
17873	Gadd45b	106.5	102.8	124.6	22.3	22.3	21.5
17916	Myo1f	0.3	0.2	0.3	11.8	11.8	13.8
17929	Myom1	0.9	0.7	0.9	0.2	0.2	0.2
17951	Naip5	0.5	0.6	0.8	2.7	2.7	3.5
17952	Naip6	0.2	0.2	0.3	0.9	0.9	1.0
17957	Napb	0.7	0.7	0.8	0.1	0.1	0.1
17969	Ncf1	20.1	18.4	18.5	78.1	78.1	79.3
17999	Nedd4	5.2	4.8	5.5	21.5	21.5	22.5
18003	Nedd9	27.6	25.4	27.7	114.2	114.2	106.5
18005	Nek2	30.6	32.2	31.5	1.2	1.2	1.3
18027	Nfia	0.1	0.1	0.1	0.6	0.6	0.4
18030	Nfil3	14.4	14.5	13.5	2.3	2.3	2.0
18053	Ngfr	0.0	0.0	0.0	4.5	4.5	2.9
18073	Nid1	0.7	0.7	0.9	3.0	3.0	3.7
18074	Nid2	3.4	3.3	4.8	0.2	0.2	0.2
18104	Nqo1	1.8	2.1	1.1	0.1	0.1	0.4
18106	Cd244	0.2	0.1	0.2	4.9	4.9	5.6
18128	Notch1	18.4	17.8	18.1	4.0	4.0	4.1
18129	Notch2	6.8	6.5	7.2	64.6	64.6	71.1
18132	Notch4	0.1	0.0	0.1	0.6	0.6	0.6
18140	Uhrf1	62.6	65.6	60.0	7.0	7.0	7.7
18163	Ctnnd2	0.0	0.0	0.0	0.9	0.9	0.8
18173	Slc11a1	1.2	1.0	1.5	4.5	4.5	6.5
18190	Nrxn2	0.0	0.0	0.0	0.2	0.2	0.2
18194	Nsdhl	35.2	30.9	38.1	8.4	8.4	9.0
18220	Nucb1	99.8	94.2	117.8	23.1	23.1	21.3
18227	Nr4a2	0.4	0.5	0.4	3.7	3.7	2.9
18356	Olfr56	2.1	1.8	2.6	0.2	0.2	0.3
18378	Omp	3.2	2.9	3.9	0.4	0.4	0.4
18392	Orc1	14.2	14.3	11.7	1.4	1.4	1.2
18439	P2rx7	0.1	0.1	0.2	1.2	1.2	1.5
18451	P4ha1	26.7	24.9	30.8	5.0	5.0	5.2
18452	P4ha2	1.7	1.8	2.9	0.1	0.1	0.0
18453	P4hb	532.3	526.1	569.6	97.0	97.0	93.5
18479	Pak1	0.3	0.3	0.3	4.4	4.4	4.6
18507	Pax5	31.5	30.5	25.2	336.9	336.9	305.9
18557	Cdk18	3.0	2.6	3.8	0.0	0.0	0.0
18563	Pcx	2.9	2.8	2.8	0.7	0.7	0.7
18566	Pdcd1	5.9	5.1	6.7	0.1	0.1	0.1
18569	Pdcd4	15.4	14.8	18.3	75.5	75.5	73.1
18591	Pdgfb	0.0	0.0	0.0	0.9	0.9	0.9
18600	Padi2	0.8	0.7	0.9	4.9	4.9	5.6
18613	Pecam1	10.5	9.2	10.7	111.9	111.9	110.3
18646	Prf1	0.5	0.2	0.4	2.3	2.3	1.9
18655	Pgk1	534.8	508.7	538.0	69.7	69.7	68.4
18669	Abcb1b	23.7	25.2	20.7	1.2	1.2	1.6
18670	Abcb4	0.4	0.3	0.3	1.6	1.6	2.2
18703	Pigr	0.4	0.3	0.4	4.9	4.9	2.2
18712	Pim1	426.1	478.8	430.0	85.7	85.7	67.7
18715	Pim2	261.1	253.8	271.1	26.0	26.0	21.3
18718	Pip4k2a	8.6	8.8	8.1	70.5	70.5	63.7
18725	Pira2	0.0	0.0	0.1	7.6	7.6	8.5
18726	Lilra6	0.0	0.0	0.0	4.8	4.8	5.6
18733	Pirb	0.5	0.3	0.5	40.3	40.3	49.5
18746	Pkm	533.5	508.3	514.2	105.2	105.2	94.0
18751	Prkcb	27.7	24.2	23.2	121.7	121.7	124.3
18755	Prkch	0.1	0.1	0.1	2.8	2.8	2.5
18779	Pla2r1	0.3	0.4	0.6	0.0	0.0	0.0
18793	Plaur	0.4	0.3	0.5	81.9	81.9	64.5
18796	Plcb2	1.5	1.8	1.8	32.3	32.3	34.7
18799	Plcd1	0.8	1.0	1.1	0.0	0.0	0.1
18817	Plk1	54.9	54.0	47.3	2.7	2.7	2.1
18826	Lcp1	66.0	55.8	54.5	406.1	406.1	395.3
18830	Pltp	0.7	0.9	1.4	8.0	8.0	12.1
18844	Plxna1	13.4	14.0	15.5	0.8	0.8	1.2
18951	5-Sep	5.4	5.0	8.3	0.0	0.0	0.0
18973	Pole	15.7	16.2	15.8	2.1	2.1	2.3
18974	Pole2	27.6	30.0	25.6	3.2	3.2	3.2
19011	Endou	77.7	70.9	69.9	4.4	4.4	4.0
19012	Ppap2a	10.4	10.4	6.9	1.6	1.6	1.7
19017	Ppargc1a	0.0	0.0	0.0	0.8	0.8	0.8
19035	Ppib	459.3	463.0	480.3	97.8	97.8	99.0
19074	Prg2	3.9	3.6	5.3	1.0	1.0	1.0
19075	Prim1	62.4	67.6	55.9	11.8	11.8	12.3
19089	Prkcsh	138.4	140.2	144.0	31.3	31.3	30.9
19094	Mapk11	3.9	4.7	4.0	55.0	55.0	54.6
19116	Prlr	0.9	0.8	1.0	0.1	0.1	0.0
19142	Prss12	0.0	0.0	0.0	1.6	1.6	2.0
19183	Psmc3ip	16.0	16.6	13.8	2.8	2.8	3.0
19193	Pipox	6.1	8.0	6.8	0.7	0.7	0.3
19200	Pstpip1	7.1	7.4	7.5	42.4	42.4	42.3
19204	Ptafr	0.0	0.0	0.0	3.2	3.2	3.0
19212	Pter	0.4	0.5	0.3	0.1	0.1	0.1
192120	Bspry	3.0	3.6	4.0	0.8	0.8	1.0
192176	Flna	29.7	29.0	24.6	141.8	141.8	152.3
192188	Stab2	0.0	0.1	0.0	0.4	0.4	0.6
192193	Edem1	341.1	347.7	367.7	33.6	33.6	35.4
19222	Ptgir	2.0	1.9	0.9	0.2	0.2	0.3
19225	Ptgs2	0.0	0.1	0.0	5.8	5.8	4.9
19250	Ptpn14	0.0	0.1	0.1	2.7	2.7	2.3
19252	Dusp1	16.8	19.7	19.1	107.3	107.3	100.3
19259	Ptpn5	0.9	1.2	1.2	0.0	0.0	0.0
192657	Ell2	132.6	121.1	141.0	10.8	10.8	10.3
192678	Rassf3	10.5	10.4	11.2	53.1	53.1	49.4
19271	Ptprj	5.8	5.6	7.2	65.8	65.8	66.4
19277	Ptpro	0.0	0.0	0.0	1.4	1.4	1.3
19294	Pvrl2	0.4	0.6	0.8	0.1	0.1	0.1
192950	Nacad	0.2	0.2	0.1	2.2	2.2	2.3
192976	Lrrc75a	0.5	0.5	0.6	5.4	5.4	4.3
19348	Kif20a	23.6	22.5	20.0	1.7	1.7	2.2
19361	Rad51	26.1	26.3	24.9	1.3	1.3	1.4
19362	Rad51ap1	17.7	19.7	18.0	0.9	0.9	1.0
19363	Rad51b	2.6	2.8	2.9	0.3	0.3	0.4
19366	Rad54l	10.0	11.0	9.5	1.0	1.0	0.8
19395	Rasgrp2	4.1	4.8	3.9	112.7	112.7	108.5
19401	Rara	5.9	5.8	6.5	25.3	25.3	24.9
19416	Rasd1	1.2	1.3	1.2	7.1	7.1	5.5
194237	Rimkla	1.4	1.5	1.0	0.0	0.0	0.0
194388	Tet3	3.9	3.6	3.4	21.1	21.1	20.7
194655	Klf11	1.9	1.3	2.3	7.7	7.7	7.9
195564	Skint3	0.0	0.0	0.0	1.7	1.7	1.7
195733	Grhl1	2.3	2.2	2.3	0.4	0.4	0.2
19672	Rcn1	11.7	11.6	13.8	2.8	2.8	2.8
19696	Rel	14.2	14.1	16.8	61.3	61.3	67.3
19699	Reln	1.8	1.7	1.3	0.2	0.2	0.3
19731	Rgl1	0.5	0.8	0.8	9.8	9.8	10.5
19735	Rgs2	1.0	1.3	0.9	111.6	111.6	113.4
19783	Rprl1	425.8	408.3	506.7	45.9	45.9	43.6
20014	Rpn2	385.4	383.1	392.4	62.7	62.7	57.4
20112	Rps6ka2	4.3	4.3	4.8	1.0	1.0	1.0
20135	Rrm2	192.2	199.6	173.7	5.5	5.5	8.1
20181	Rxra	0.5	0.3	0.3	1.4	1.4	2.0
20187	Ryk	1.0	1.1	1.9	0.2	0.2	0.3
20191	Ryr2	0.0	0.0	0.0	0.5	0.5	0.4
20192	Ryr3	0.0	0.0	0.0	0.7	0.7	0.6
20198	S100a4	0.0	0.0	0.2	46.8	46.8	54.2
20200	S100a6	1.0	1.0	1.2	15.8	15.8	21.7
20201	S100a8	0.0	0.0	0.0	11.2	11.2	13.4
20202	S100a9	0.0	0.0	0.0	10.1	10.1	9.7
20230	Satb1	5.6	5.5	6.9	26.6	26.6	24.7
20238	Atxn1	5.2	4.4	5.7	1.1	1.1	1.1
20250	Scd2	282.5	264.7	288.5	43.6	43.6	39.0
20269	Scn3a	0.0	0.0	0.0	0.3	0.3	0.2
20304	Ccl5	2.6	2.8	6.3	41.8	41.8	40.6
20305	Ccl6	0.0	0.0	0.0	11.2	11.2	12.1
20308	Ccl9	0.3	0.3	0.2	4.2	4.2	4.4
20317	Serpinf1	4.4	4.2	2.6	1.0	1.0	0.5
20335	Sec61g	129.7	142.6	118.1	24.9	24.9	29.7
20338	Sel1l	132.5	123.4	165.6	16.6	16.6	16.5
20339	Sele	0.0	0.0	0.0	1.2	1.2	1.2
20343	Sell	9.3	6.9	15.7	393.3	393.3	401.7
20350	Sema3f	1.0	1.2	1.3	0.1	0.1	0.1
20351	Sema4a	0.6	0.6	0.6	2.9	2.9	2.8
20356	Sema5a	0.0	0.0	0.0	0.9	0.9	0.9
20365	Serf1	11.5	11.2	11.4	0.7	0.7	0.5
20393	Sgk1	1.0	1.3	1.0	11.2	11.2	9.9
20419	Shcbp1	42.5	45.2	36.8	1.2	1.2	1.2
20425	Shmt1	20.6	23.3	20.2	5.2	5.2	5.6
20447	St6galnac3	0.4	0.2	0.4	1.6	1.6	1.4
20449	St8sia1	0.0	0.0	0.0	1.1	1.1	1.0
20460	Stil	21.1	20.9	19.7	0.7	0.7	0.7
20469	Sipa1	20.0	21.8	21.1	139.2	139.2	124.8
20475	Six5	1.7	2.0	1.9	0.1	0.1	0.1
20501	Slc16a1	22.1	21.2	18.8	5.1	5.1	5.2
20503	Slc16a7	0.6	1.1	0.7	4.1	4.1	4.9
20510	Slc1a1	2.0	1.7	2.0	0.0	0.0	0.0
20529	Slc31a1	21.3	20.4	20.7	4.5	4.5	4.2
20532	Slc3a1	2.0	2.4	2.2	0.4	0.4	0.4
20539	Slc7a5	142.3	147.9	139.7	10.2	10.2	9.3
20541	Slc8a1	0.0	0.0	0.0	0.7	0.7	0.8
20555	Slfn1	0.1	0.0	0.1	3.9	3.9	5.0
20557	Slfn3	20.6	20.1	17.7	3.7	3.7	4.7
20558	Slfn4	5.6	6.3	5.8	1.1	1.1	1.6
20562	Slit1	1.1	1.3	1.1	0.2	0.2	0.2
20568	Slpi	113.8	120.1	65.6	2.9	2.9	4.5
20620	Plk2	1.2	1.8	1.8	35.3	35.3	23.3
20660	Sorl1	0.9	0.9	0.8	91.5	91.5	91.0
20661	Sort1	0.1	0.1	0.1	2.1	2.1	2.8
20677	Sox4	0.6	0.5	0.6	6.7	6.7	5.8
20708	Serpinb6b	0.8	0.8	1.0	6.0	6.0	6.9
207182	Ggt7	1.5	1.0	1.5	0.2	0.2	0.3
20720	Serpine2	3.2	5.1	4.6	0.8	0.8	0.4
207278	Fchsd2	16.9	17.0	17.0	74.3	74.3	75.7
20728	Spic	0.0	0.0	0.0	6.0	6.0	12.7
20732	Spint1	0.4	0.5	0.6	2.4	2.4	3.2
20737	Spn	87.4	82.9	101.7	9.2	9.2	8.9
20743	Sptbn2	0.6	0.7	0.6	0.1	0.1	0.1
20750	Spp1	3.8	3.6	4.6	0.5	0.5	0.2
207521	Dtx4	0.4	0.4	0.4	1.6	1.6	1.6
207592	Tbc1d16	2.9	2.8	3.2	0.8	0.8	0.7
207728	Pde2a	1.2	1.4	1.2	33.6	33.6	36.2
207742	Rnf43	0.1	0.2	0.1	0.7	0.7	0.9
20775	Sqle	72.7	69.3	75.1	8.8	8.8	9.9
207806	Gm608	5.6	5.0	5.3	21.2	21.2	22.7
207819	4930539E08Rik	1.9	2.1	2.4	0.4	0.4	0.3
208084	Pif1	13.5	13.9	11.8	0.3	0.3	0.3
20810	Srm	135.6	141.2	120.7	19.5	19.5	17.3
208154	Btla	14.0	13.6	16.2	236.5	236.5	257.2
20818	Srprb	101.6	104.6	103.5	14.8	14.8	12.9
208198	Btbd2	1.6	1.7	2.0	12.3	12.3	12.1
20832	Ssr4	334.6	353.5	363.1	59.6	59.6	64.3
208449	Sgms1	4.0	4.4	4.3	22.9	22.9	23.0
20852	Stat6	17.5	16.5	17.3	98.9	98.9	92.7
208618	Etl4	0.3	0.3	0.3	0.1	0.1	0.0
208628	Kntc1	14.7	15.3	14.7	0.7	0.7	0.8
208647	Creb3l2	55.1	52.5	60.2	2.6	2.6	2.6
208650	Cblb	3.2	2.9	3.3	19.1	19.1	18.1
20868	Stk10	13.4	12.7	12.3	86.0	86.0	78.0
208715	Hmgcs1	37.4	33.5	42.4	9.0	9.0	8.5
20873	Plk4	18.2	17.8	16.5	2.8	2.8	3.0
20877	Aurkb	89.6	92.3	82.0	5.6	5.6	5.9
20878	Aurka	51.0	51.4	43.6	3.8	3.8	3.2
208836	Fanci	10.3	11.0	10.0	2.1	2.1	2.5
208922	Cpeb3	33.2	29.2	38.8	0.2	0.2	0.1
20893	Bhlhe40	9.2	7.9	9.4	49.3	49.3	35.1
208967	Thnsl1	0.3	0.3	0.3	1.6	1.6	1.6
209027	Pycr1	26.6	26.5	30.6	0.6	0.6	0.3
209086	Samd9l	10.1	9.5	10.3	135.3	135.3	156.7
20932	Surf4	242.5	243.3	245.6	59.3	59.3	50.5
209334	Gen1	12.3	12.8	11.0	1.9	1.9	1.9
209630	Frmd4a	0.1	0.0	0.1	0.4	0.4	0.6
209683	Ttc28	0.3	0.2	0.3	3.4	3.4	3.0
20969	Sdc1	28.8	29.8	30.4	5.2	5.2	5.1
209737	Kif15	14.0	13.5	12.6	0.9	0.9	1.0
210104	Zfp658	12.3	12.7	12.3	1.3	1.3	1.3
210126	Lpp	0.6	0.6	0.8	3.6	3.6	4.4
210145	Irgc1	0.0	0.0	0.0	4.9	4.9	4.1
210544	Tbc1d31	13.0	12.4	12.1	1.8	1.8	1.7
210710	Gab3	0.7	0.6	0.6	4.4	4.4	4.2
210789	Tbc1d4	0.5	0.4	0.4	7.2	7.2	6.8
210982	Gltscr1l	6.6	5.7	6.7	32.6	32.6	29.6
211228	Lrrc25	0.8	1.1	1.0	11.2	11.2	11.2
211401	Mtss1	6.4	6.7	6.4	35.2	35.2	34.3
211484	Tsga10	0.4	0.4	0.3	1.4	1.4	1.7
211548	Nomo1	81.8	82.2	83.1	20.0	20.0	18.9
211612	Ptchd1	0.0	0.0	0.0	0.5	0.5	0.5
211651	Fancd2	8.4	9.2	8.1	0.6	0.6	0.7
211914	Asap2	0.4	0.5	0.5	2.2	2.2	1.9
212032	Hk3	0.1	0.0	0.0	1.4	1.4	1.7
212377	Mms22l	13.4	13.5	12.5	2.6	2.6	2.9
212398	Frat2	1.7	1.3	1.9	9.5	9.5	8.1
212427	A730008H23Rik	26.3	21.4	22.3	2.0	2.0	2.4
212706	N4bp3	2.0	2.2	1.7	11.6	11.6	12.0
212898	Dse	0.3	0.2	0.3	1.8	1.8	2.8
212937	Tifab	0.8	0.7	1.2	7.7	7.7	8.9
212986	Scfd2	10.0	10.0	10.5	1.9	1.9	1.7
213002	Ifitm6	0.0	0.0	0.0	12.4	12.4	18.5
213019	Pdlim2	4.7	4.2	5.3	20.6	20.6	17.8
213053	Slc39a14	7.7	9.1	6.5	1.1	1.1	1.1
213208	Il20rb	3.0	2.8	2.6	0.7	0.7	0.6
21335	Tacc3	47.7	51.6	44.8	6.6	6.6	6.6
213438	A630033H20Rik	0.5	0.4	0.5	18.8	18.8	20.6
213439	Gpr174	4.8	4.7	4.5	20.8	20.8	24.4
213980	Fbxw10	0.1	0.2	0.1	1.2	1.2	1.5
213989	Tmem82	0.8	0.8	1.0	0.1	0.1	0.0
214048	Larp1b	55.1	52.8	57.5	14.2	14.2	11.7
21410	Hnf1b	4.6	4.4	3.2	0.2	0.2	0.2
21414	Tcf7	0.0	0.0	0.0	3.8	3.8	3.9
21425	Tfeb	8.3	9.2	8.3	39.4	39.4	34.9
214254	Nudt15	1.7	1.9	1.5	9.4	9.4	8.2
214359	Tmem51	0.1	0.1	0.1	4.2	4.2	5.0
21452	Tcn2	2.1	2.2	2.9	11.0	11.0	12.7
214642	Cped1	0.9	1.1	1.4	0.0	0.0	0.0
214804	Syde2	0.4	0.3	0.4	0.0	0.0	0.0
214854	Neurl3	2.9	2.6	3.9	84.2	84.2	88.3
214944	Mob3b	0.5	0.4	0.2	2.8	2.8	2.3
214951	Rhbdl1	7.0	10.3	9.1	1.9	1.9	2.5
214968	Sema6d	12.1	13.6	13.0	0.6	0.6	1.5
215113	Slc43a2	2.4	2.2	2.1	11.9	11.9	12.9
215114	Hip1	0.6	0.7	1.0	3.3	3.3	3.6
215387	Ncaph	41.6	42.4	42.3	2.5	2.5	2.8
215653	Rassf2	13.6	13.2	12.1	51.8	51.8	53.7
215690	Nav1	0.0	0.0	0.0	3.0	3.0	3.5
215693	Zmat1	0.5	0.4	0.6	3.9	3.9	4.1
215748	Cnksr3	0.7	0.5	0.9	4.0	4.0	3.4
215789	Phactr2	0.1	0.1	0.1	1.1	1.1	1.3
215821	Arfgef3	2.6	2.1	3.0	0.0	0.0	0.0
215900	Fam26f	0.3	0.3	0.5	6.8	6.8	8.0
216080	Ube2d1	10.5	10.0	13.6	51.0	51.0	49.3
216188	Aldh1l2	8.0	8.2	12.0	0.1	0.1	0.1
216197	Ckap4	218.5	211.4	242.2	17.7	17.7	16.5
216198	Tcp11l2	13.4	11.9	14.8	55.6	55.6	52.5
216233	Socs2	18.5	20.1	20.9	0.8	0.8	0.8
216441	Slc26a10	0.5	0.4	0.3	6.0	6.0	4.6
216459	Myl6b	7.3	7.9	8.6	1.3	1.3	2.2
216505	Pik3ip1	2.4	2.4	2.9	22.1	22.1	19.2
21652	Phf1	5.5	6.9	6.5	36.4	36.4	32.9
21664	Phlda1	13.0	15.4	13.6	2.7	2.7	2.2
21676	Tead1	4.6	4.4	6.2	0.0	0.0	0.0
21677	Tead2	0.4	0.6	0.4	2.3	2.3	2.6
216799	Nlrp3	0.0	0.0	0.0	2.3	2.3	2.6
216848	Chd3	8.3	8.9	9.1	46.4	46.4	50.8
216850	Kdm6b	3.8	3.3	3.8	22.0	22.0	18.1
216856	Nlgn2	1.2	1.4	2.2	0.1	0.1	0.2
216892	Spns2	0.2	0.1	0.1	11.7	11.7	9.5
216984	Evi2b	13.8	12.6	11.0	80.1	80.1	80.9
216991	Adap2	0.0	0.0	0.0	1.7	1.7	1.8
217198	Plekhh3	1.4	1.2	1.2	0.1	0.1	0.0
217216	BC030867	13.7	13.4	12.3	0.4	0.4	0.3
217262	Abca9	0.0	0.0	0.0	0.9	0.9	0.9
217303	Cd300a	0.8	0.9	0.8	5.5	5.5	6.9
217304	Cd300lb	0.0	0.0	0.0	1.3	1.3	1.6
217305	Cd300ld	0.0	0.0	0.0	2.4	2.4	3.0
217310	Hid1	90.3	94.3	99.1	0.2	0.2	0.3
217344	Rhbdf2	3.4	3.7	3.6	22.0	22.0	22.0
217356	Tmc8	6.3	7.2	7.1	28.1	28.1	28.6
217430	Pqlc3	69.7	71.1	73.2	12.9	12.9	13.4
21754	Tesk1	4.7	4.6	5.1	25.4	25.4	19.7
217558	G2e3	19.2	19.6	18.9	4.1	4.1	4.4
217653	Mis18bp1	15.2	14.7	14.0	1.4	1.4	1.3
217664	Mgat2	47.3	44.1	46.5	11.2	11.2	11.3
217734	Pomt2	8.2	8.0	8.1	2.0	2.0	1.8
21781	Tfdp1	83.5	81.8	74.0	14.7	14.7	14.3
217826	Kcnk13	0.0	0.0	0.0	1.1	1.1	0.8
217835	Rin3	6.1	5.6	7.1	57.5	57.5	48.8
21807	Tsc22d1	0.6	0.8	0.9	5.3	5.3	5.2
21810	Tgfbi	0.0	0.0	0.0	14.8	14.8	15.2
21813	Tgfbr2	14.8	13.0	12.4	99.3	99.3	96.9
218138	Gmds	18.2	16.0	15.4	3.1	3.1	2.3
21815	Tgif1	9.0	8.6	8.6	47.8	47.8	40.0
21816	Tgm1	4.9	5.3	13.0	0.5	0.5	0.9
21817	Tgm2	0.1	0.0	0.3	5.2	5.2	7.3
21819	Tg	11.8	11.7	15.4	0.2	0.2	0.1
218203	Mylip	7.9	8.4	9.1	86.9	86.9	75.9
218215	Rnf144b	0.0	0.0	0.0	1.4	1.4	1.5
21825	Thbs1	0.0	0.1	0.0	1.3	1.3	1.5
218335	Clptm1l	401.1	400.9	394.0	85.1	85.1	82.5
21834	Thrb	0.5	0.5	0.6	0.1	0.1	0.2
21838	Thy1	0.5	0.1	0.4	3.8	3.8	4.2
218461	Pde8b	0.1	0.2	0.2	0.6	0.6	0.6
218518	Marveld2	1.6	1.8	1.4	7.0	7.0	5.7
21858	Timp2	0.1	0.0	0.1	1.3	1.3	1.9
218581	Depdc1b	2.5	1.9	1.8	0.3	0.3	0.3
21873	Tjp2	5.1	4.3	4.4	0.9	0.9	1.3
218793	Ube2e2	0.0	0.0	0.0	4.2	4.2	3.7
21897	Tlr1	3.8	3.4	3.4	100.0	100.0	98.0
218973	Wdhd1	28.4	31.5	26.4	6.3	6.3	7.1
218977	Dlgap5	17.3	16.2	16.1	1.7	1.7	1.6
21899	Tlr6	0.8	0.8	1.3	9.7	9.7	9.8
219114	Ska3	32.5	33.0	30.1	1.0	1.0	0.9
219148	Fam167a	1.5	1.4	1.9	14.8	14.8	13.4
21926	Tnf	1.8	1.4	1.4	6.6	6.6	6.9
21928	Tnfaip2	0.1	0.1	0.1	2.0	2.0	2.7
21933	Tnfrsf10b	2.3	2.8	3.0	0.6	0.6	0.6
21934	Tnfrsf11a	0.0	0.0	0.0	1.2	1.2	1.2
21935	Tnfrsf17	18.0	18.2	17.2	0.2	0.2	0.2
21937	Tnfrsf1a	1.1	1.0	1.3	5.4	5.4	6.4
21939	Cd40	14.3	16.2	12.0	74.6	74.6	77.3
21941	Tnfrsf8	9.6	9.0	11.2	0.1	0.1	0.2
21946	Pglyrp1	0.1	0.6	0.5	35.9	35.9	31.8
21953	Tnni2	0.2	0.3	0.1	6.2	6.2	7.3
21961	Tns1	0.2	0.2	0.3	1.4	1.4	1.3
21969	Top1	110.7	104.8	110.9	22.5	22.5	21.2
21973	Top2a	176.2	166.8	159.7	7.3	7.3	8.5
21991	Tpi1	411.1	366.3	367.5	39.5	39.5	38.1
22027	Hsp90b1	2222.5	2207.4	2244.0	258.3	258.3	253.0
22033	Traf5	5.4	5.3	7.8	24.7	24.7	25.7
22036	Traip	19.0	18.8	17.3	2.0	2.0	1.8
22041	Trf	0.6	0.8	0.8	10.2	10.2	21.5
22062	Trp73	9.6	9.9	11.7	0.0	0.0	0.0
22092	Rsph1	6.8	6.7	5.7	0.5	0.5	0.6
22137	Ttk	16.6	17.6	15.6	0.7	0.7	0.8
22158	Tulp3	7.4	7.4	7.6	1.6	1.6	1.5
22165	Txk	0.0	0.0	0.0	0.9	0.9	0.8
22166	Txn1	259.0	263.7	227.3	41.1	41.1	43.8
22171	Tyms	15.5	14.1	11.6	1.5	1.5	1.6
22174	Tyro3	1.3	1.6	1.5	0.1	0.1	0.0
22177	Tyrobp	0.8	0.9	0.4	111.2	111.2	132.8
22223	Uchl1	22.0	22.7	20.7	1.0	1.0	0.8
22248	Unc119	8.6	8.5	10.0	41.2	41.2	38.9
22249	Unc13b	1.3	1.3	1.6	0.1	0.1	0.0
22295	Cdh23	1.7	1.9	1.5	0.0	0.0	0.1
22329	Vcam1	0.0	0.0	0.0	8.6	8.6	22.7
22339	Vegfa	94.3	94.9	103.0	1.2	1.2	0.7
223433	Fam105a	2.7	3.4	3.3	25.3	25.3	30.2
22359	Vldlr	0.1	0.1	0.1	0.0	0.0	0.0
223648	Ccdc166	0.2	0.2	0.2	1.4	1.4	1.5
223650	Eppk1	0.9	1.0	1.9	0.3	0.3	0.3
223701	Mkl1	7.2	7.3	6.5	34.6	34.6	33.1
22371	Vwf	0.0	0.0	0.0	0.3	0.3	0.3
22379	Fmnl3	8.9	9.0	8.2	36.2	36.2	36.0
22381	Wbp5	133.5	134.7	132.6	26.2	26.2	26.7
223864	Rapgef3	11.7	12.8	12.4	1.9	1.9	1.5
22390	Wee1	19.3	17.9	19.1	4.3	4.3	3.6
223920	Soat2	2.0	2.7	4.0	0.5	0.5	0.5
22393	Wfs1	13.5	13.3	14.4	1.7	1.7	1.7
223970	Rmi2	4.7	4.2	5.2	1.0	1.0	0.5
224024	Scarf2	0.6	0.7	0.9	0.0	0.0	0.0
224093	Fam43a	3.3	2.3	2.9	109.5	109.5	89.9
22410	Wnt10b	2.1	3.0	1.8	0.3	0.3	0.4
224171	C330027C09Rik	47.2	45.8	40.6	1.6	1.6	1.7
22433	Xbp1	891.9	995.7	978.8	51.2	51.2	50.3
22436	Xdh	0.0	0.0	0.1	2.1	2.1	2.7
224617	Tbc1d24	0.6	0.8	0.8	0.2	0.2	0.2
224796	Clic5	0.5	0.6	0.7	0.0	0.0	0.0
224829	Trerf1	0.1	0.0	0.0	0.8	0.8	0.8
224840	Treml4	0.0	0.0	0.0	5.3	5.3	7.0
224912	Crb3	0.7	0.9	0.9	5.3	5.3	4.7
225028	Map4k3	0.5	0.5	0.6	3.5	3.5	3.8
225164	Mib1	22.9	19.8	23.4	4.7	4.7	5.1
225266	Klhl14	1.7	1.7	1.0	13.1	13.1	13.2
225594	Gm4841	0.7	0.9	2.2	0.0	0.0	0.1
225651	Mppe1	3.4	3.9	3.9	18.0	18.0	18.7
225659	Cep76	18.5	18.7	17.5	3.1	3.1	3.3
225912	Cyb561a3	7.7	8.3	6.1	87.4	87.4	89.0
225922	Oosp2	4.7	5.7	5.7	0.0	0.0	0.3
22612	Yes1	2.6	2.6	3.0	0.3	0.3	0.3
22625	Map3k19	0.1	0.1	0.2	8.3	8.3	9.3
226251	Ablim1	10.2	9.5	9.5	60.4	60.4	55.6
22637	Zap70	0.1	0.1	0.1	1.9	1.9	1.3
226409	Zranb3	9.7	9.6	10.1	1.4	1.4	1.6
226421	Rab7b	0.0	0.0	0.0	1.2	1.2	1.1
22643	Zfp101	17.9	19.5	17.4	3.5	3.5	3.3
22658	Pcgf2	2.0	2.4	2.2	0.1	0.1	0.2
226594	Rcsd1	3.6	3.1	3.1	57.0	57.0	58.1
226751	Cdc42bpa	0.4	0.4	0.4	0.1	0.1	0.1
22678	Zfp2	0.3	0.2	0.4	1.0	1.0	1.4
226830	Smyd2	5.4	6.0	4.9	1.1	1.1	1.6
22691	Zscan2	0.3	0.4	0.3	2.8	2.8	3.0
227327	B3gnt7	0.2	0.2	0.6	5.7	5.7	3.2
227377	Farp2	8.3	7.1	8.4	0.6	0.6	0.7
22750	Zfp9	8.3	9.1	10.6	0.2	0.2	0.1
22751	Zfp90	0.3	0.3	0.3	2.1	2.1	2.4
227541	Camk1d	1.5	1.5	1.5	11.2	11.2	11.6
227619	Man1b1	111.0	113.7	121.8	22.0	22.0	20.9
227696	Phyhd1	17.7	18.3	23.9	4.3	4.3	4.7
227717	Qrfp	0.1	0.1	0.1	1.9	1.9	1.6
227753	Gsn	1.3	1.0	1.5	41.7	41.7	43.5
22793	Zyx	4.8	5.4	6.0	27.0	27.0	23.6
228139	P2rx3	2.1	2.0	1.7	0.1	0.1	0.1
228413	Prrg4	15.1	13.2	18.6	1.4	1.4	1.2
228421	Kif18a	5.4	5.2	5.1	0.7	0.7	0.7
228775	Trib3	4.3	3.5	2.8	0.5	0.5	0.4
228836	Dlgap4	1.6	1.8	1.9	10.7	10.7	10.5
228913	Zfp217	6.2	6.2	6.9	29.4	29.4	30.0
228993	Slc17a9	55.9	66.9	62.9	13.0	13.0	14.0
229445	Ctso	6.2	6.2	6.4	32.4	32.4	41.3
229473	D930015E06Rik	8.8	8.7	8.2	47.0	47.0	47.0
229474	Fhdc1	1.3	1.5	1.5	0.2	0.2	0.3
229499	Fcrl1	33.9	34.5	31.9	188.6	188.6	200.0
229541	Dennd4b	10.6	12.4	10.9	55.1	55.1	59.7
229595	Adamtsl4	3.9	3.7	4.5	0.6	0.6	0.6
229672	Bcl2l15	3.7	4.0	2.7	0.4	0.4	0.3
229841	Cenpe	29.6	25.9	26.8	1.5	1.5	1.6
230098	Arhgef39	9.4	10.0	9.2	1.2	1.2	1.8
230594	Zcchc11	12.3	11.2	12.0	50.0	50.0	51.9
230793	Ahdc1	1.5	1.6	1.4	14.8	14.8	11.0
230903	Fbxo44	5.5	5.8	6.9	0.7	0.7	0.9
230904	Fbxo2	3.6	4.6	4.9	0.0	0.0	0.0
231070	Insig1	199.7	191.2	238.3	23.9	23.9	22.3
231147	Sh3tc1	1.1	1.0	1.2	7.6	7.6	8.0
231207	Cpeb2	11.5	11.8	12.4	2.4	2.4	2.4
231253	9130230L23Rik	0.9	0.9	0.7	0.1	0.1	0.0
231287	Atp10d	1.8	1.8	1.5	13.4	13.4	14.3
231510	Agpat9	0.7	0.9	0.8	8.9	8.9	8.9
231532	Arhgap24	0.4	0.2	0.3	3.5	3.5	3.3
231637	Ssh1	4.6	4.4	5.4	22.0	22.0	20.6
231646	Myo1h	2.7	3.1	3.8	0.6	0.6	0.8
231691	Sds	2.5	3.1	3.1	0.4	0.4	0.4
231805	Pilra	0.1	0.1	0.3	1.0	1.0	1.9
231834	Snx8	6.9	7.8	7.2	53.3	53.3	51.2
231842	Amz1	0.3	0.3	0.3	2.1	2.1	2.2
231946	Fam221a	5.2	5.5	4.9	0.8	0.8	1.0
231997	Fkbp14	0.9	1.0	1.4	0.0	0.0	0.0
231999	Plekha8	1.8	1.8	1.9	0.3	0.3	0.5
232023	Vopp1	0.6	0.6	0.7	2.8	2.8	3.3
232078	Thnsl2	1.9	1.7	2.7	0.2	0.2	0.1
232086	Tmem150a	7.4	10.0	10.1	1.5	1.5	1.6
232232	Hdac11	0.3	0.5	0.8	3.6	3.6	3.6
232288	Frmd4b	0.1	0.0	0.0	1.0	1.0	2.0
232408	Klrb1f	0.2	0.2	0.4	3.4	3.4	4.2
232413	Clec12a	1.8	1.9	1.4	12.6	12.6	13.7
232414	Clec9a	0.0	0.0	0.0	9.5	9.5	9.0
232670	Tspan33	0.2	0.3	0.2	1.9	1.9	2.7
232889	Pla2g4c	3.2	3.1	2.9	0.2	0.2	0.2
232943	Klc3	2.6	3.2	3.5	0.7	0.7	0.4
232969	Zfp428	3.8	3.6	3.4	0.6	0.6	0.6
232975	Atp1a3	0.0	0.0	0.0	1.8	1.8	2.3
232984	B3gnt8	0.3	0.2	0.4	9.2	9.2	8.5
233016	Blvrb	10.1	8.5	10.8	66.5	66.5	67.9
233046	Rasgrp4	1.0	1.1	1.0	4.4	4.4	4.5
233064	Wdr62	12.2	13.4	11.8	1.8	1.8	1.5
233079	Ffar2	0.9	0.7	1.0	4.5	4.5	4.0
233081	Ffar1	3.4	3.1	2.7	37.0	37.0	39.1
233199	Mybpc2	0.3	0.2	0.1	4.2	4.2	3.4
233274	Siglech	0.0	0.0	0.0	3.6	3.6	10.3
233406	Prc1	28.4	27.6	26.9	1.4	1.4	1.6
233529	Kctd14	2.3	2.5	2.2	14.7	14.7	14.2
233571	P2ry6	0.0	0.0	0.0	1.7	1.7	1.9
233724	Tmem41b	27.1	26.2	24.3	6.1	6.1	5.9
233781	Xylt1	1.0	0.8	0.8	11.1	11.1	11.8
233878	Sez6l2	0.3	0.3	0.2	1.3	1.3	1.5
234094	Arhgef10	5.3	5.7	6.5	1.3	1.3	1.5
234258	Neil3	16.4	16.1	16.2	0.6	0.6	0.6
234267	Gpm6a	15.2	13.1	14.3	0.2	0.2	0.2
234311	Ddx60	0.2	0.2	0.3	2.0	2.0	2.7
234356	Csgalnact1	0.6	0.8	0.7	0.1	0.1	0.1
234396	Ankle1	7.7	10.2	8.1	0.3	0.3	0.4
234582	Ccdc102a	0.3	0.5	0.5	2.1	2.1	2.0
234740	Tmem231	0.3	0.3	0.2	1.6	1.6	1.5
234796	Klhl36	0.9	0.6	0.9	5.2	5.2	4.5
234797	6430548M08Rik	4.7	4.7	5.0	0.8	0.8	1.1
235041	Kank2	1.5	1.4	2.3	0.1	0.1	0.1
235283	Gramd1b	0.4	0.3	0.5	2.3	2.3	2.4
235431	Coro2b	3.8	3.8	5.1	0.2	0.2	0.2
235587	Parp3	2.7	3.2	3.5	32.4	32.4	34.8
235626	Setd2	8.5	7.7	8.1	40.5	40.5	42.5
235627	Nbeal2	1.6	1.7	1.2	8.0	8.0	8.9
235633	Als2cl	0.0	0.0	0.0	1.0	1.0	1.3
236312	Pyhin1	19.3	17.5	31.0	157.7	157.7	179.0
236539	Phgdh	218.2	223.6	197.8	41.6	41.6	38.9
236930	Ercc6l	12.9	12.6	11.2	2.4	2.4	2.6
237211	Fancb	10.9	11.8	9.5	2.6	2.6	2.5
237339	L3mbtl3	0.8	1.0	0.9	11.7	11.7	11.4
237436	Gas2l3	13.5	13.3	12.8	1.2	1.2	1.2
237759	Col23a1	0.1	0.1	0.1	1.1	1.1	1.4
237877	Atad5	12.8	13.2	12.1	2.3	2.3	2.4
237911	Brip1	8.9	8.5	8.6	1.0	1.0	1.0
23792	Adam23	0.0	0.0	0.0	3.6	3.6	3.8
23797	Akt3	3.5	3.3	3.7	32.4	32.4	33.0
238161	Akap6	0.4	0.3	0.3	0.0	0.0	0.0
238276	Akap5	0.3	0.2	0.3	1.3	1.3	1.3
238317	Elmsan1	5.5	6.0	6.3	48.0	48.0	45.2
23832	Xcr1	0.2	0.2	0.2	3.1	3.1	2.8
238328	Vash1	0.6	0.7	0.5	0.0	0.0	0.0
23834	Cdc6	31.2	29.9	30.2	0.8	0.8	0.9
238377	Gpr68	0.1	0.1	0.2	1.0	1.0	1.1
238393	Serpina3f	110.7	120.4	188.2	3.1	3.1	2.1
238405	Adam6b	4.1	4.4	4.1	1.0	1.0	1.2
23849	Klf6	13.4	12.5	13.6	123.7	123.7	135.7
23871	Ets1	31.6	28.7	29.4	226.5	226.5	216.9
23880	Fyb	0.0	0.0	0.0	13.5	13.5	15.4
238803	Zfp366	0.0	0.0	0.0	3.9	3.9	3.7
23887	Ggt5	0.0	0.0	0.0	0.9	0.9	1.2
238871	Pde4d	0.3	0.2	0.4	1.6	1.6	1.3
238875	Gapt	0.3	0.2	0.3	19.6	19.6	16.4
23890	Gpr34	0.4	0.2	0.4	3.5	3.5	5.1
23900	Hcst	3.1	3.5	5.4	19.9	19.9	20.2
239027	Arhgap22	0.0	0.0	0.0	1.5	1.5	1.6
239081	Tlr11	0.0	0.0	0.0	3.5	3.5	2.5
23912	Rhof	9.6	9.4	9.1	41.5	41.5	37.5
239151	NA	37.3	37.9	37.2	1.8	1.8	0.9
23917	Impdh1	64.9	64.9	63.5	13.7	13.7	12.7
23920	Insrr	0.2	0.2	0.4	0.1	0.1	0.0
23921	Sh2b2	0.3	0.4	0.3	2.9	2.9	2.9
239319	Card6	2.9	2.9	3.5	55.3	55.3	48.4
239393	Lrp12	3.2	3.3	3.6	0.1	0.1	0.2
23945	Mgll	3.7	4.5	4.0	0.4	0.4	0.4
239556	Cacna1i	2.0	2.3	2.0	28.8	28.8	27.2
239559	A4galt	8.9	9.8	8.7	0.2	0.2	0.1
23966	Tenm4	0.0	0.0	0.0	0.3	0.3	0.4
23969	Pacsin1	0.9	0.9	1.0	7.3	7.3	7.9
239739	Lamp3	0.1	0.1	0.1	2.0	2.0	2.0
239743	Klhl6	9.6	9.2	6.9	68.5	68.5	70.1
23999	Twf2	9.7	10.7	10.3	43.7	43.7	42.9
240058	Cpne5	0.0	0.0	0.0	1.0	1.0	0.7
240063	Zfp811	1.1	1.1	0.7	0.1	0.1	0.1
24014	Rnasel	0.7	0.9	1.0	3.8	3.8	4.5
240328	F830016B08Rik	2.7	2.8	6.8	0.2	0.2	0.1
24056	Sh3bp5	23.7	22.0	18.8	131.4	131.4	124.9
24058	Sigirr	2.9	3.4	3.8	17.3	17.3	17.6
24064	Spry2	0.4	0.3	0.4	3.0	3.0	2.5
240641	Kif20b	27.8	26.8	25.8	5.4	5.4	5.2
240660	Slc35g1	2.9	3.0	2.6	0.3	0.3	0.3
24074	Taf7	2.2	2.0	1.7	15.3	15.3	12.8
240752	Pik3c2b	5.0	4.9	5.3	30.6	30.6	29.0
241062	Pgap1	3.7	3.7	3.7	24.1	24.1	30.3
241197	Serpinb10	0.0	0.0	0.0	1.3	1.3	1.7
241230	St8sia6	69.2	59.1	66.1	6.2	6.2	7.8
241274	Pnpla7	3.2	3.7	3.7	14.2	14.2	16.4
24136	Zeb2	0.8	0.6	0.8	6.8	6.8	7.8
241576	Ldlrad3	0.2	0.3	0.3	2.8	2.8	2.0
241794	Kcng1	0.1	0.1	0.0	3.5	3.5	4.7
242248	Bank1	8.7	8.0	10.0	105.7	105.7	108.1
242409	Tmem8b	0.1	0.1	0.1	0.5	0.5	0.5
242700	Ifnlr1	0.2	0.3	0.2	1.0	1.0	1.5
242894	Actr3b	11.8	14.3	13.2	1.7	1.7	1.8
243219	2900026A02Rik	0.2	0.2	0.2	0.9	0.9	1.2
243369	Sspo	0.0	0.0	0.0	0.2	0.2	0.2
243371	Lrrc61	1.8	1.8	1.7	19.5	19.5	17.1
243813	Leng9	1.7	1.7	2.1	14.1	14.1	12.6
243910	Nfkbid	10.9	12.7	10.5	161.6	161.6	159.5
243958	Siglecg	12.0	12.2	11.3	249.2	249.2	258.9
243961	Shank1	0.2	0.2	0.3	2.8	2.8	3.6
243963	Zfp473	1.3	1.3	1.3	0.2	0.2	0.2
243983	Zdhhc13	7.3	6.4	5.4	24.9	24.9	27.9
244049	Mctp2	0.4	0.4	0.6	4.2	4.2	4.4
244183	Trim30b	0.3	0.3	0.5	10.8	10.8	14.9
244202	Nlrp10	0.1	0.1	0.1	1.8	1.8	1.9
244238	Mrgpre	1.4	1.4	2.0	8.5	8.5	7.7
244329	Mcph1	8.0	7.7	7.6	1.9	1.9	1.8
244668	Sipa1l2	1.9	1.8	1.8	8.1	8.1	6.8
244853	Nxpe4	0.1	0.1	0.1	4.7	4.7	5.2
244871	Zc3h12c	0.8	0.8	1.2	3.9	3.9	4.3
244891	Scaper	1.3	1.2	1.3	9.3	9.3	9.5
245386	Tmem255a	0.9	0.9	1.6	0.2	0.2	0.2
245536	Gm614	3.3	4.6	3.5	29.4	29.4	33.2
245847	Amdhd2	1.8	1.8	1.7	7.2	7.2	6.9
245945	Rbm47	15.5	15.5	14.5	1.1	1.1	1.1
246707	Emilin2	0.0	0.1	0.1	2.3	2.3	2.4
246709	Rgs13	0.7	0.6	0.3	3.1	3.1	2.7
246746	Cd300lf	0.9	0.9	1.7	6.7	6.7	7.0
257632	Nod2	3.2	3.5	3.5	0.8	0.8	0.8
258503	Olfr98	0.0	0.0	0.3	3.3	3.3	3.6
259302	Srgap3	0.1	0.1	0.1	0.9	0.9	1.1
26365	Ceacam1	1.8	1.5	1.2	33.3	33.3	29.8
26367	Ceacam2	0.3	0.3	0.3	8.8	8.8	6.8
263764	Creg2	2.3	2.0	3.3	0.1	0.1	0.1
26382	Fgd2	12.6	14.9	10.3	72.3	72.3	80.3
26399	Map2k6	0.8	0.8	0.6	8.0	8.0	8.2
26404	Map3k12	5.0	5.3	6.0	0.8	0.8	0.8
264134	Ttc26	1.7	1.6	1.4	0.1	0.1	0.1
26427	Creb3l1	1.5	1.7	1.9	0.3	0.3	0.4
26432	Plod2	0.9	0.7	1.2	0.1	0.1	0.1
26456	Sema4g	1.0	1.1	0.8	0.2	0.2	0.2
264895	Acsf2	15.6	15.3	17.1	69.9	69.9	69.5
26570	Slc7a11	0.7	0.6	1.0	0.2	0.2	0.1
268297	Scml4	0.3	0.2	0.3	16.4	16.4	17.8
268396	Sh3pxd2b	0.0	0.0	0.0	0.3	0.3	0.3
268451	Rab11fip4	0.1	0.1	0.0	1.2	1.2	1.6
268465	Eme1	13.9	14.9	13.2	0.9	0.9	1.1
268480	Rapgefl1	0.3	0.2	0.2	0.9	0.9	1.0
268567	Tmem229b	2.4	2.0	1.9	27.4	27.4	25.5
268697	Ccnb1	77.4	83.4	65.5	2.0	2.0	2.6
268739	Arhgef40	0.1	0.1	0.1	0.4	0.4	0.5
268857	Nlrc3	0.5	0.5	0.6	6.5	6.5	7.2
26886	Cenph	25.6	28.8	25.7	1.6	1.6	2.5
26888	Clec4a2	0.0	0.0	0.0	1.6	1.6	2.1
268973	Nlrc4	0.9	0.9	0.8	8.1	8.1	9.0
269023	Zfp608	1.0	1.2	1.2	13.6	13.6	12.6
26909	Exo1	9.4	10.0	9.1	0.8	0.8	0.7
26912	Gcat	8.1	9.7	8.1	0.3	0.3	0.4
269224	Pask	3.0	3.5	3.4	0.4	0.4	0.5
26934	Racgap1	47.0	45.9	43.0	5.6	5.6	5.8
269344	Ell3	0.3	0.3	0.2	43.3	43.3	37.7
269346	Slc28a2	5.1	5.6	5.9	58.5	58.5	66.6
269356	Slc4a11	0.3	0.1	0.4	3.0	3.0	2.1
269582	Clspn	18.1	18.3	17.0	1.0	1.0	0.9
269585	Zscan20	2.1	2.2	2.0	9.2	9.2	8.9
269593	Luzp1	3.3	3.4	3.7	0.7	0.7	0.8
269717	Orai2	3.0	2.9	3.0	36.7	36.7	37.5
269799	Clec4a1	0.1	0.2	0.2	9.3	9.3	10.5
270035	Letm2	0.6	0.7	0.7	3.6	3.6	4.1
27007	Klrk1	0.2	0.2	0.3	2.6	2.6	3.1
270084	Lpcat2	0.3	0.3	0.3	7.7	7.7	8.1
270110	Irf2bp2	5.9	4.6	6.0	39.3	39.3	34.4
270152	Amica1	1.3	1.5	2.7	7.1	7.1	8.8
270157	NA	16.0	15.0	21.9	3.5	3.5	5.0
270160	Rab39	1.2	1.2	1.0	4.8	4.8	6.0
270201	Klhl18	2.5	2.5	2.4	16.9	16.9	15.6
270210	Zfp651	2.0	2.0	2.5	0.1	0.1	0.0
27027	Tspan32	6.9	7.1	7.2	56.4	56.4	58.0
27029	Sgsh	2.6	2.6	2.5	14.1	14.1	14.2
27053	Asns	82.4	77.0	76.4	0.6	0.6	0.8
27078	B9d1	4.5	4.1	4.4	0.4	0.4	0.6
270906	Prr11	32.0	30.7	31.0	2.0	2.0	1.8
271221	5031414D18Rik	12.6	12.6	13.8	59.0	59.0	59.0
27212	Snord35b	3.0	3.9	1.7	75.7	75.7	55.9
27214	Dbf4	32.4	32.1	28.0	5.9	5.9	5.2
27218	Slamf1	0.9	0.7	0.6	20.2	20.2	18.6
27221	Chaf1a	21.5	21.8	21.3	2.7	2.7	2.9
27226	Pla2g7	0.1	0.1	0.1	4.9	4.9	6.3
272382	Spib	15.2	11.3	11.6	335.6	335.6	305.5
272551	Gins2	27.7	25.9	24.5	2.3	2.3	2.5
27280	Phlda3	3.3	3.8	3.7	0.1	0.1	0.1
27360	Add3	15.5	14.8	15.8	128.5	128.5	129.0
27371	Sh2d2a	2.3	1.9	2.3	9.8	9.8	9.0
27405	Abcg3	0.2	0.2	0.2	13.9	13.9	17.8
276950	Slfn8	8.3	8.6	11.8	38.5	38.5	44.3
277333	Gm5069	31.9	31.7	28.1	7.9	7.9	7.1
279572	Tlr13	0.0	0.0	0.0	3.7	3.7	4.1
27999	Fam3c	9.2	8.3	7.3	49.7	49.7	46.9
28105	Trim36	0.4	0.3	0.3	3.4	3.4	2.9
28106	Mydgf	141.4	149.2	144.4	28.9	28.9	26.6
28240	Trpm2	0.0	0.0	0.0	2.2	2.2	2.9
29810	Bag3	3.6	4.1	4.9	1.0	1.0	0.8
29813	Zfp385a	2.3	1.8	2.9	20.4	20.4	16.8
29856	Smtn	3.0	3.2	2.9	0.7	0.7	0.8
29857	Mapk12	0.2	0.3	0.3	4.3	4.3	4.3
29870	Gtse1	25.7	28.7	23.9	1.7	1.7	1.5
30838	Fbxw4	0.8	0.9	0.8	9.3	9.3	9.9
30877	Gnl3	145.8	167.9	137.9	35.0	35.0	40.1
30928	Zbtb18	2.4	2.2	2.7	19.2	19.2	18.1
30940	Usp25	4.7	4.0	4.1	29.7	29.7	28.1
30943	Prss30	0.0	0.0	0.0	3.6	3.6	4.8
30948	Bin1	9.3	10.2	7.6	133.5	133.5	125.6
30963	Hacd1	0.9	1.0	1.0	0.1	0.1	0.1
319160	Hist1h4k	10.4	9.6	9.4	1.1	1.1	3.4
319169	Hist1h2ak	25.8	25.3	18.2	4.4	4.4	4.8
319170	Hist1h2an	33.1	40.7	30.2	3.6	3.6	5.7
319191	Hist1h2ai	108.3	144.3	97.0	22.6	22.6	21.2
319197	Gpr4	0.2	0.1	0.2	1.8	1.8	1.3
319236	Trim12c	11.7	11.6	18.3	53.1	53.1	62.6
319293	A530099J19Rik	0.0	0.0	0.0	3.6	3.6	3.3
319387	Adgrl3	0.0	0.0	0.0	0.5	0.5	0.6
319448	Fndc3a	80.2	76.4	91.6	16.2	16.2	16.6
319468	Ppm1h	0.2	0.2	0.2	0.9	0.9	1.0
319493	A430078G23Rik	1.0	1.2	1.3	22.9	22.9	24.7
319545	D430020J02Rik	10.9	12.2	11.9	1.7	1.7	2.1
319554	Idi1	122.9	115.4	118.6	13.7	13.7	15.3
319581	Xkr5	1.2	1.1	1.1	0.1	0.1	0.1
319734	Cacna2d4	0.0	0.0	0.0	0.8	0.8	1.0
319901	Dsel	2.9	3.1	3.7	0.4	0.4	0.4
319998	Tmem198	2.2	2.5	1.7	0.4	0.4	0.5
320007	Sidt1	0.2	0.2	0.3	4.2	4.2	4.2
320022	Ccdc79	0.0	0.1	0.1	1.7	1.7	1.9
320129	Adrbk2	0.2	0.2	0.4	7.8	7.8	9.0
320148	B430306N03Rik	0.2	0.3	0.2	2.4	2.4	3.3
320181	Fndc7	0.0	0.0	0.0	1.0	1.0	0.7
320183	Msrb3	0.8	0.5	0.6	0.0	0.0	0.1
320226	Ccdc171	0.5	0.4	0.4	1.8	1.8	2.4
320292	Rasgef1b	1.0	1.1	1.6	69.7	69.7	64.2
320299	Iqcb1	26.6	28.1	27.2	6.2	6.2	6.3
320301	E530011L22Rik	0.6	0.8	0.8	0.1	0.1	0.0
320365	Fry	0.8	0.8	0.9	6.9	6.9	6.9
320404	Itpkb	6.4	6.0	6.7	34.5	34.5	32.4
320407	Klri2	0.1	0.0	0.0	3.2	3.2	4.2
320438	Alg6	10.9	11.7	10.6	2.5	2.5	3.2
320563	Islr2	0.0	0.1	0.0	0.6	0.6	0.7
320706	Soga1	0.0	0.0	0.0	0.7	0.7	0.8
320782	Tmem154	79.7	78.4	81.6	12.9	12.9	14.1
320832	Sirpb1a	0.0	0.0	0.0	5.4	5.4	7.6
320982	Arl4c	0.3	0.3	0.6	5.1	5.1	5.0
321019	Gpr183	4.8	5.6	5.6	73.5	73.5	64.3
327743	Wisp3	3.7	4.1	4.5	0.2	0.2	0.3
327762	Dna2	11.8	13.3	11.0	2.3	2.3	2.7
327799	Usp44	3.4	3.2	2.9	0.1	0.1	0.0
327957	Scimp	1.8	1.6	2.2	16.8	16.8	16.6
327978	Slfn5	1.2	1.2	1.8	16.1	16.1	22.2
328232	Gfod1	0.6	0.5	0.5	3.0	3.0	2.6
328381	Sh2d4b	4.5	4.6	4.4	0.6	0.6	0.7
328660	Bex6	0.0	0.0	0.0	4.0	4.0	4.5
328778	Rab26	3.8	4.6	5.8	0.2	0.2	0.4
328833	Treml2	2.7	3.0	4.9	60.7	60.7	55.3
329154	Ankrd44	8.7	8.2	9.0	41.7	41.7	43.6
330192	Vps37b	8.8	8.4	9.1	38.5	38.5	33.3
330483	Ceacam16	0.9	1.0	1.1	9.1	9.1	13.8
330790	Hapln4	1.4	1.6	2.0	0.0	0.0	0.0
330812	Rnf150	0.0	0.0	0.0	0.5	0.5	0.6
331004	Slc9a9	0.6	0.5	0.7	2.9	2.9	4.4
331026	Gmppb	47.5	51.9	50.6	9.0	9.0	9.6
331474	Rgag4	0.1	0.1	0.2	1.0	1.0	1.0
331524	Xkrx	0.3	0.3	0.3	22.9	22.9	21.6
332175	Zdhhc23	0.5	0.5	0.5	3.0	3.0	3.0
332359	Tigd3	1.0	1.2	1.1	0.2	0.2	0.3
333433	Gpd1l	13.9	13.3	12.4	58.9	58.9	55.6
333654	Ppp1r13l	2.1	1.6	1.9	0.2	0.2	0.1
333669	Gm5134	7.1	7.8	8.3	0.9	0.9	1.3
338350	Acad12	0.2	0.2	0.2	1.0	1.0	0.8
338351	Akap17b	9.8	9.8	11.4	2.0	2.0	2.3
338364	Trim65	2.1	1.8	1.7	11.7	11.7	11.0
338372	Map3k9	1.0	0.9	1.3	5.6	5.6	5.6
338467	Morc3	9.8	9.9	9.1	43.4	43.4	46.7
338523	Kdm7a	8.1	7.7	8.9	34.3	34.3	37.8
347722	Agap1	0.0	0.0	0.0	0.3	0.3	0.5
353156	Egfl7	1.4	1.2	0.8	0.2	0.2	0.1
353282	Sfmbt2	10.6	9.5	8.9	0.1	0.1	0.1
353342	Peg13	3.2	3.4	3.6	32.3	32.3	30.9
353346	Gpr141	0.0	0.0	0.0	3.5	3.5	4.7
360213	Trim46	4.3	4.2	4.1	0.9	0.9	1.2
373864	Col27a1	0.3	0.2	0.4	1.4	1.4	2.2
378431	Txlnb	1.0	1.1	1.1	0.2	0.2	0.2
378954	3000002C10Rik	3.1	3.9	3.7	0.7	0.7	0.9
380686	Cnrip1	0.3	0.4	0.3	2.7	2.7	3.3
380714	Rph3al	0.6	0.8	0.7	3.1	3.1	2.6
380785	Begain	0.1	0.3	0.1	1.3	1.3	1.4
380916	Lrch1	3.1	3.3	3.6	17.5	17.5	16.6
380928	Lmo7	2.4	2.7	2.5	0.2	0.2	0.2
381091	H2-Eb2	6.3	6.1	6.4	62.9	62.9	70.3
381101	Dnph1	4.2	5.1	2.8	0.3	0.3	0.5
381204	Naaladl1	2.9	3.5	3.3	0.2	0.2	0.1
381232	Mirt1	1.2	1.4	1.4	10.8	10.8	13.1
381280	Hjurp	84.6	90.4	78.3	12.2	12.2	13.1
381290	Atp2b4	3.7	3.5	5.4	0.3	0.3	0.6
381293	Kif14	8.4	8.7	8.0	0.3	0.3	0.4
381318	Nsl1	13.3	14.0	13.1	3.9	3.9	2.2
381353	Gm996	0.8	0.8	0.8	0.1	0.1	0.3
381417	Gm14085	0.9	0.9	1.0	10.7	10.7	10.3
381522	Ccdc180	0.0	0.0	0.0	0.8	0.8	1.1
381605	Tbc1d2	1.9	1.9	2.1	0.3	0.3	0.5
381812	Cracr2a	0.8	0.8	1.3	3.4	3.4	4.9
381845	Rnf225	0.9	1.2	0.8	0.2	0.2	0.3
381903	Alg8	37.7	38.3	34.7	6.9	6.9	7.9
381924	Itgad	0.0	0.0	0.0	1.9	1.9	5.4
381983	Lmtk3	1.0	1.3	2.0	0.1	0.1	0.1
382045	Adgrg5	0.0	0.0	0.0	3.9	3.9	4.4
382062	AB124611	11.9	11.8	17.9	121.5	121.5	109.8
382639	Zbtb42	3.0	2.7	3.2	0.7	0.7	0.7
382985	Rrm2b	4.5	4.9	5.0	19.4	19.4	20.7
383619	Aim2	5.5	5.3	4.1	45.0	45.0	50.8
384059	Tlr12	0.2	0.2	0.3	2.2	2.2	2.9
384185	Arl9	9.2	8.3	8.1	1.1	1.1	0.8
385605	NA	1.5	0.8	0.9	6.3	6.3	6.5
386551	Gm5409	0.0	0.0	0.0	2.5	2.5	3.6
387143	Mir101a	0.0	0.2	0.0	8.7	8.7	11.1
387173	Mir155	13.5	14.9	11.6	3.0	3.0	2.7
387285	Hcrtr2	0.2	0.1	0.2	1.4	1.4	1.5
387609	Zhx2	5.3	4.5	4.4	26.8	26.8	22.7
399510	Map4k5	1.6	1.1	1.1	7.9	7.9	8.4
404710	Iqgap3	5.4	5.5	4.9	0.3	0.3	0.4
407788	BC051142	0.3	0.5	0.4	2.8	2.8	3.6
407821	Znrf3	5.7	6.1	5.6	0.5	0.5	0.4
408059	BC049352	0.1	0.1	0.1	2.5	2.5	2.6
414108	9230114K14Rik	4.7	3.8	4.1	0.5	0.5	0.6
432442	Akap7	0.6	0.6	0.8	2.8	2.8	2.9
432516	Myo1a	1.6	1.9	2.0	0.2	0.2	0.1
432763	Prr7	0.6	0.3	0.5	4.1	4.1	4.7
432779	Lrrc14b	2.7	2.5	2.5	0.6	0.6	0.5
432879	Kbtbd6	3.1	3.1	3.3	0.7	0.7	0.8
433273	Gm5523	109.8	106.1	99.2	27.6	27.6	22.6
433424	Zeb2os	0.3	0.5	0.4	3.1	3.1	3.8
433470	AA467197	2.0	2.0	2.4	0.1	0.1	0.3
433638	I830077J02Rik	0.0	0.2	0.0	27.1	27.1	27.0
433855	AI506816	75.9	71.1	77.0	7.7	7.7	7.6
433940	Fam222a	0.3	0.2	0.2	2.9	2.9	2.2
434215	Lrrc32	3.9	3.8	4.1	0.8	0.8	0.5
474145	Clec4a4	0.0	0.0	0.0	6.5	6.5	7.3
503550	Klri1	0.0	0.0	0.0	9.5	9.5	15.6
50527	Ero1l	91.3	88.3	97.9	10.5	10.5	11.1
50723	Icosl	1.2	1.5	1.4	121.3	121.3	125.7
50770	Atp11a	0.1	0.1	0.2	0.8	0.8	0.9
50772	Mapk6	70.9	70.7	64.4	15.5	15.5	16.2
50778	Rgs1	0.5	0.4	0.5	56.7	56.7	68.4
50780	Rgs3	0.6	0.6	0.7	5.2	5.2	5.1
50875	Tmod3	17.8	16.5	17.3	106.4	106.4	109.1
50876	Tmod2	0.0	0.0	0.0	0.3	0.3	0.3
50878	Stag3	2.0	2.1	2.1	0.4	0.4	0.3
50917	Galns	59.1	58.1	59.5	14.5	14.5	14.3
50931	Il27ra	1.2	1.3	1.3	41.1	41.1	41.9
50997	Mpp2	2.6	2.3	2.8	0.0	0.0	0.1
51791	Rgs14	8.9	8.6	8.8	36.8	36.8	37.3
51801	Ramp1	0.0	0.0	0.0	1.1	1.1	1.3
51944	Knstrn	25.2	26.3	23.5	3.3	3.3	4.2
52033	Pbk	14.4	17.3	13.8	1.1	1.1	1.6
52065	Mfhas1	1.2	1.2	1.9	7.7	7.7	6.2
52123	Agpat5	14.8	15.9	15.4	2.8	2.8	3.1
52150	Kcnk6	27.6	25.8	27.4	3.5	3.5	3.4
52276	Cdca8	22.9	24.5	21.1	1.5	1.5	1.7
52428	Rhpn2	6.8	7.7	8.0	0.2	0.2	0.2
52463	Tet1	0.1	0.1	0.1	0.6	0.6	0.5
52552	Parp8	0.1	0.1	0.2	11.6	11.6	11.3
52585	Dhrs1	81.6	90.2	102.9	21.0	21.0	21.4
52614	Adgre4	0.0	0.0	0.0	3.7	3.7	6.1
52639	Wipi1	15.0	14.4	17.9	0.4	0.4	0.4
52653	Nudcd2	42.5	45.2	39.7	8.6	8.6	9.1
52666	Arhgef25	3.1	2.4	3.3	0.0	0.0	0.1
52679	E2f7	4.3	4.1	3.8	0.2	0.2	0.3
52855	Lair1	0.2	0.2	0.1	3.8	3.8	6.4
52892	Sco1	11.6	12.1	13.5	2.4	2.4	2.3
53321	Cntnap1	3.3	3.9	2.5	0.2	0.2	0.1
53322	Nucb2	3.9	2.7	4.6	18.5	18.5	20.5
53357	Pla2g6	14.3	15.5	13.9	2.6	2.6	2.8
53374	Chst3	17.5	19.5	17.2	126.5	126.5	121.4
53381	Prdx4	139.2	144.7	162.1	8.0	8.0	8.1
53421	Sec61a1	225.2	227.0	231.9	33.9	33.9	31.5
53604	Zpbp	0.3	0.3	0.2	1.0	1.0	1.1
53614	Reck	0.9	0.8	0.9	0.2	0.2	0.2
53620	Vamp5	0.5	0.5	0.6	2.3	2.3	2.7
53859	Map3k14	3.0	3.1	2.9	21.8	21.8	20.2
53867	Col5a3	0.1	0.1	0.2	0.6	0.6	1.4
53945	Slc40a1	0.0	0.0	0.0	3.5	3.5	10.0
53978	Lpar2	1.0	1.0	1.1	5.8	5.8	5.2
54124	Cks1b	175.0	180.5	161.0	9.2	9.2	10.0
54141	Spag5	15.8	18.3	13.2	1.7	1.7	1.9
54167	Icos	0.1	0.0	0.1	1.2	1.2	0.9
54201	Zfp316	0.3	0.4	0.5	2.0	2.0	1.7
54354	Rassf5	14.0	14.0	11.5	71.4	71.4	68.1
54369	Nme6	28.1	30.7	24.9	6.3	6.3	7.1
54373	Prss16	8.2	8.1	7.6	0.9	0.9	1.0
54392	Ncapg	52.3	54.3	48.0	1.4	1.4	1.5
54418	Fmn2	1.0	0.9	0.9	0.1	0.1	0.1
54483	Mefv	0.0	0.0	0.0	2.1	2.1	2.8
54519	Apbb1ip	4.9	4.2	4.2	27.5	27.5	27.9
545384	BC094916	1.9	1.2	3.1	32.0	32.0	35.9
54561	Nap1l3	1.3	1.4	1.6	0.2	0.2	0.3
545622	Ptpn3	0.1	0.0	0.1	0.5	0.5	0.5
545732	4933402N22Rik	1.9	2.4	1.7	0.0	0.0	0.0
54610	Tbc1d8	1.5	1.3	2.2	6.5	6.5	8.4
546134	Gramd2	0.1	0.1	0.1	0.3	0.3	0.3
54645	Gripap1	5.0	5.7	5.2	34.3	34.3	37.6
54646	Ppp1r3f	0.2	0.2	0.2	0.9	0.9	1.2
546546	Serpina3h	1.5	1.4	2.5	0.3	0.3	0.3
54725	Cadm1	0.0	0.0	0.0	1.8	1.8	1.7
55963	Slc1a4	7.8	7.7	7.0	0.3	0.3	0.4
55978	Ift20	111.7	113.7	110.5	14.8	14.8	14.4
56078	Car5b	2.7	2.6	2.9	0.3	0.3	0.1
56150	Mad2l1	48.0	46.4	40.6	11.4	11.4	10.6
56177	Olfm1	0.1	0.0	0.1	1.4	1.4	1.4
56190	Rbm38	16.0	14.8	13.2	94.8	94.8	79.9
56219	Extl1	0.3	0.1	0.3	2.1	2.1	2.7
56298	Atl2	27.5	27.8	29.7	6.4	6.4	6.5
56312	Nupr1	16.3	11.9	19.5	0.8	0.8	1.4
56316	Ggcx	33.7	37.6	36.3	4.3	4.3	4.8
56320	Dbn1	0.1	0.1	0.2	1.4	1.4	1.0
56336	B4galt5	3.3	3.1	3.9	29.6	29.6	27.5
56358	Copz2	10.7	10.8	15.9	0.0	0.0	0.1
56379	Kcnj1	0.3	0.2	0.1	1.4	1.4	1.6
56386	B4galt6	0.1	0.0	0.1	1.3	1.3	1.6
56397	Morf4l2	191.8	191.0	193.7	38.4	38.4	39.5
56405	Dusp14	19.7	19.4	21.3	0.1	0.1	0.1
56419	Diap3	15.3	16.0	15.5	1.1	1.1	1.1
56421	Pfkp	38.1	37.3	40.1	9.0	9.0	9.0
56448	Cyp2d22	0.2	0.3	0.3	3.0	3.0	3.4
56452	Orc6	33.8	38.0	28.9	7.2	7.2	8.1
56454	Aldh18a1	65.4	67.8	61.7	11.0	11.0	10.7
56461	Kcnip3	0.0	0.0	0.0	1.2	1.2	1.1
56463	Snd1	106.5	105.7	108.6	21.7	21.7	21.4
56473	Fads2	19.1	18.0	19.9	0.3	0.3	0.3
56504	Srpk3	1.4	1.5	1.4	74.9	74.9	79.5
56508	Rapgef4	0.1	0.1	0.1	5.2	5.2	6.2
56530	Cnpy2	131.0	135.4	125.7	15.9	15.9	18.8
56542	Ick	3.5	3.2	3.7	0.7	0.7	0.8
56620	Clec4n	0.1	0.1	0.1	1.9	1.9	4.8
56644	Clec7a	0.0	0.0	0.0	9.4	9.4	11.0
56699	Cdc42ep4	0.4	0.5	0.4	2.1	2.1	1.8
56708	Clcf1	6.4	7.0	6.1	42.0	42.0	47.7
56734	Tulp2	0.2	0.3	0.3	1.2	1.2	1.4
56742	Psrc1	10.5	14.8	14.0	1.1	1.1	1.1
56745	C1qtnf1	0.7	0.7	0.9	0.0	0.0	0.0
56753	Tacstd2	1.0	1.3	1.2	5.4	5.4	5.1
56792	Stap1	8.8	8.1	9.0	50.0	50.0	57.1
56844	Tssc4	37.6	40.2	38.0	8.3	8.3	8.8
56846	Necab3	1.6	1.7	2.3	0.3	0.3	0.2
56857	Slc37a2	1.0	1.0	1.1	15.0	15.0	15.2
57319	Smpdl3a	2.1	2.4	2.8	27.0	27.0	34.1
57340	Jph3	1.0	0.8	1.0	0.0	0.0	0.1
57440	Ehd3	1.0	1.0	0.6	5.9	5.9	5.4
57441	Gmnn	53.6	57.6	47.0	6.5	6.5	6.8
574428	Zmynd15	0.1	0.1	0.1	0.7	0.7	0.6
57444	Isg20	86.6	81.1	105.3	7.1	7.1	8.0
57738	Slc15a2	3.5	13.2	10.4	0.2	0.2	4.5
57740	Stk32c	0.2	0.1	0.3	1.5	1.5	1.7
57746	Piwil2	2.0	1.9	1.5	0.2	0.2	0.2
57752	Tacc2	0.7	0.6	0.7	0.1	0.1	0.1
57757	Pglyrp2	0.2	0.1	0.2	10.8	10.8	11.1
57813	Tk2	2.3	2.6	2.6	47.6	47.6	50.1
57908	Zfp318	2.6	2.3	3.0	69.3	69.3	68.2
58193	Extl2	6.5	6.0	5.8	1.4	1.4	1.5
58203	Zbp1	108.9	107.3	148.6	21.6	21.6	24.1
58205	Pdcd1lg2	0.1	0.2	0.3	8.1	8.1	10.0
58206	Zbtb32	30.0	29.0	23.5	1.4	1.4	1.4
58207	Slc43a3	21.5	23.7	18.6	2.1	2.1	3.0
58208	Bcl11b	0.0	0.0	0.0	0.7	0.7	0.6
58217	Trem1	0.0	0.0	0.0	1.7	1.7	1.4
58222	Rab37	0.5	0.4	0.4	4.6	4.6	4.5
58226	Cacna1h	31.0	32.1	38.3	1.4	1.4	1.4
58235	Pvrl1	0.1	0.1	0.0	2.5	2.5	2.5
58239	Dexi	8.1	7.7	8.7	36.4	36.4	32.3
58240	Hs1bp3	1.2	1.3	1.4	5.4	5.4	5.2
58801	Pmaip1	9.4	10.6	9.7	64.1	64.1	61.8
58802	Kcnmb4	1.4	1.7	1.5	0.3	0.3	0.3
58994	Smpd3	0.3	0.3	0.2	2.1	2.1	1.9
59042	Cope	87.1	88.8	88.4	22.1	22.1	21.6
59044	Rnf130	4.5	4.1	4.5	20.2	20.2	21.0
59049	Slc22a17	1.5	1.9	2.3	0.2	0.2	0.3
59052	Mettl9	46.8	45.7	43.1	10.1	10.1	9.7
59289	Ackr2	0.9	0.3	0.5	4.4	4.4	3.8
60361	Ms4a4b	0.1	0.0	0.1	8.1	8.1	10.3
60411	Cenpk	9.2	9.4	8.8	0.4	0.4	0.5
60440	Iigp1	6.1	5.3	21.8	0.4	0.4	0.4
60527	Fads3	8.0	8.2	8.2	0.2	0.2	0.7
60530	Fignl1	16.2	16.1	13.1	1.8	1.8	1.8
60599	Trp53inp1	209.3	200.2	226.5	37.5	37.5	39.0
619301	Tmem253	2.6	2.2	2.4	0.3	0.3	0.2
622976	Gm6377	0.9	1.2	1.2	73.1	73.1	60.7
623121	Pydc4	0.6	0.6	2.4	13.7	13.7	17.0
623474	Rad54b	5.0	5.8	5.1	0.5	0.5	0.4
623849	Gm6455	32.3	34.8	26.7	0.0	0.0	0.1
623898	Gm6460	25.2	24.0	16.8	0.2	0.2	0.1
624367	Gm6498	2.4	2.9	2.0	0.4	0.4	0.4
626578	Gbp10	11.2	12.1	25.2	1.0	1.0	1.0
631323	Gm12250	30.2	30.5	45.3	5.9	5.9	6.5
634731	Susd1	7.4	7.0	9.2	34.3	34.3	35.7
637515	Nlrp1b	0.0	0.0	0.0	0.6	0.6	0.8
63953	Dusp10	1.4	1.7	1.8	13.2	13.2	12.6
64011	Nrgn	0.3	0.3	0.3	6.4	6.4	5.5
64095	Gpr35	0.0	0.0	0.0	3.4	3.4	3.7
64136	Sdf2l1	271.1	271.2	274.9	23.4	23.4	21.2
64176	Sv2b	0.5	0.6	0.4	0.1	0.1	0.1
64213	St7	3.1	3.2	3.5	0.8	0.8	0.8
64214	Rgs18	0.2	0.3	0.2	9.6	9.6	11.3
64292	Ptges	1.8	2.1	2.4	0.0	0.0	0.0
64380	Ms4a4c	3.7	3.0	6.4	124.1	124.1	147.0
64435	Fcamr	0.1	0.1	0.1	10.9	10.9	16.2
64453	Zfp280b	47.6	50.3	59.6	9.9	9.9	10.5
64945	Cldn12	2.4	2.9	2.4	0.2	0.2	0.2
65112	Pmepa1	7.9	7.5	8.0	1.0	1.0	0.7
65256	Asb2	0.1	0.2	0.4	9.9	9.9	10.4
652925	Tmem243	6.1	6.0	5.6	31.5	31.5	31.3
65964	Zak	4.3	3.9	4.0	0.9	0.9	0.8
65969	Cubn	0.4	0.4	0.6	0.1	0.1	0.0
65970	Lima1	0.1	0.1	0.1	0.9	0.9	1.4
65973	Asph	1.7	1.7	1.8	0.5	0.5	0.4
66049	Rogdi	9.4	11.1	7.8	56.9	56.9	47.9
66059	Krtcap2	439.5	446.1	461.5	86.2	86.2	76.7
66102	Cxcl16	0.3	0.1	0.1	4.5	4.5	4.1
66120	Fkbp11	87.8	96.2	106.2	2.3	2.3	2.6
66140	Ska2	11.5	11.9	11.2	2.8	2.8	2.6
66197	Cks2	80.0	83.1	68.1	17.1	17.1	17.9
66214	Rgcc	33.5	38.9	31.3	4.0	4.0	4.1
66234	Msmo1	43.0	41.7	46.7	5.7	5.7	6.3
66251	Arfgap3	45.8	45.9	47.0	4.4	4.4	4.7
66256	Ssr2	490.0	480.9	460.5	48.9	48.9	44.5
66269	Tmed6	51.0	56.0	31.7	0.3	0.3	0.2
66286	Sec11c	911.9	952.3	911.3	122.5	122.5	138.6
66300	Inafm1	1.4	2.1	2.0	8.0	8.0	8.2
66311	Cenpw	4.6	4.9	4.4	0.9	0.9	0.8
66315	Senp7	3.1	2.9	3.0	13.9	13.9	14.5
66329	Susd3	1.6	1.2	1.9	20.9	20.9	21.7
66336	Cenpp	12.7	13.8	12.2	0.8	0.8	1.0
66349	Atp5sl	10.4	12.7	12.1	61.8	61.8	60.6
66357	Ostc	344.9	350.0	320.6	58.8	58.8	55.0
66384	Srp19	162.8	159.5	149.0	30.3	30.3	32.3
66395	Ahnak	1.2	1.2	1.3	14.8	14.8	19.4
66397	Sar1b	117.6	116.1	123.2	23.6	23.6	23.7
66405	Mcts2	33.7	38.1	35.7	3.8	3.8	6.3
66412	Arrdc4	0.0	0.0	0.0	1.0	1.0	0.9
66423	Coprs	4.7	4.6	5.2	0.8	0.8	1.0
66442	Spc25	18.3	18.1	15.8	1.7	1.7	1.6
66443	Tnfaip8l1	1.8	2.5	2.5	0.2	0.2	0.2
66468	Ska1	9.0	9.6	7.5	0.3	0.3	0.4
66497	Cmss1	13.3	13.6	12.7	2.5	2.5	2.4
66500	Slc30a7	27.1	27.3	26.0	6.6	6.6	7.0
665113	Tnik	0.4	0.3	0.4	2.0	2.0	2.4
665433	Hist1h2ao	13.5	17.4	11.7	1.5	1.5	2.0
66568	Rwdd3	0.1	0.2	0.2	1.7	1.7	1.9
66569	Gdpd1	1.8	1.9	1.9	0.3	0.3	0.4
66570	Cenpm	21.3	22.6	18.6	1.1	1.1	1.5
66624	Spcs2	215.4	213.7	220.1	38.9	38.9	37.7
66634	Mcm8	9.5	8.9	8.8	1.9	1.9	2.1
66663	Uba5	112.8	112.6	119.7	21.3	21.3	19.7
666661	Gm8221	0.0	0.0	0.0	3.7	3.7	5.4
666926	Gm8369	3.4	3.3	4.7	69.8	69.8	73.7
66725	Lrrk2	4.6	4.2	3.5	54.7	54.7	63.5
667370	Ifit3b	0.0	0.0	0.1	3.5	3.5	4.5
667373	Ifit1bl1	0.1	0.0	0.3	7.7	7.7	10.4
668101	Sirpb1b	0.0	0.0	0.0	1.9	1.9	1.9
668212	Efr3b	0.3	0.4	0.4	0.1	0.1	0.0
668489	Gm9199	1.8	1.9	2.3	0.3	0.3	0.2
66857	Plbd1	0.7	0.4	0.4	47.2	47.2	52.0
66895	Pxdc1	12.2	11.0	9.5	74.6	74.6	75.4
66910	Tmem107	5.1	5.1	4.5	0.6	0.6	0.9
66913	Kdelr2	140.1	140.0	139.4	18.0	18.0	15.6
66929	Asf1b	62.1	61.8	54.0	7.7	7.7	7.8
66967	Edem3	58.2	52.0	58.6	9.1	9.1	8.9
66977	Nuf2	40.2	38.4	35.9	1.5	1.5	1.8
66988	Lap3	37.6	38.4	41.3	7.9	7.9	8.2
66993	Smarcd3	2.9	3.6	3.3	0.7	0.7	0.7
67016	Tbc1d2b	0.1	0.1	0.1	1.4	1.4	1.8
67073	Pi4k2b	13.5	14.8	14.7	3.1	3.1	3.5
67075	Magt1	52.9	49.2	51.6	12.4	12.4	12.9
67103	Ptgr1	11.9	13.5	9.3	0.9	0.9	0.9
67105	Timm21	65.4	67.6	56.4	14.1	14.1	16.4
67111	Naaa	2.2	1.8	1.7	17.4	17.4	15.2
67121	Mastl	7.3	6.5	6.2	0.6	0.6	0.7
67149	Nkain1	0.4	0.3	0.3	0.0	0.0	0.0
67154	Mtdh	172.4	167.1	177.5	36.0	36.0	36.1
67180	Yipf5	90.4	88.4	84.2	17.8	17.8	17.1
67196	Ube2t	27.4	27.3	25.4	3.5	3.5	3.5
67220	Plekho1	14.8	16.0	17.7	143.6	143.6	143.3
67242	Gemin6	23.0	24.8	21.7	4.8	4.8	4.9
67369	Qpctl	46.5	48.4	49.3	7.0	7.0	6.7
67378	Bbs2	1.0	0.9	0.8	6.1	6.1	7.0
67382	Brd3	3.7	3.4	3.4	16.3	16.3	15.5
67393	Cxxc5	6.9	8.1	9.3	53.8	53.8	49.2
67398	Srpr	194.7	191.9	196.9	49.3	49.3	44.1
67422	Dhdds	62.2	59.8	60.1	9.2	9.2	8.5
67425	Eps8l1	1.9	2.6	3.5	12.6	12.6	26.6
67426	Adck3	3.8	3.8	3.6	21.2	21.2	20.1
67429	Nudcd1	14.6	14.8	14.2	3.5	3.5	3.3
67437	Ssr3	296.1	280.4	288.2	41.7	41.7	39.6
67451	Pkp2	1.1	1.0	0.9	0.1	0.1	0.0
67454	Ikbip	6.0	5.7	7.1	1.5	1.5	1.6
67458	Ergic1	81.4	77.9	95.0	9.0	9.0	8.4
67474	Snap29	14.1	13.1	13.4	56.0	56.0	54.1
67492	Zfand4	2.9	2.9	1.9	0.6	0.6	0.6
67533	Ppfibp1	6.4	6.2	6.6	1.4	1.4	1.5
67596	Tespa1	1.3	1.1	1.2	30.4	30.4	33.1
67603	Dusp6	4.9	5.1	4.3	43.3	43.3	43.2
67629	Spc24	33.7	37.6	29.5	2.1	2.1	2.2
67647	4930523C07Rik	11.3	11.6	11.3	54.2	54.2	55.2
677156	Cyp4f37	0.1	0.1	0.1	2.1	2.1	2.1
677289	Prr33	2.7	2.3	3.6	17.5	17.5	18.8
67731	Fbxo32	2.2	1.8	2.3	9.1	9.1	8.5
67749	Mgarp	1.5	1.6	2.5	0.0	0.0	0.0
67776	Vwa5a	0.6	0.4	0.7	4.6	4.6	5.1
67790	Rab39b	4.8	3.9	4.7	0.3	0.3	0.2
67803	Limd2	31.2	29.3	28.7	160.5	160.5	154.7
67815	Sec14l2	1.3	1.4	1.7	0.2	0.2	0.5
67824	Nmral1	59.2	62.3	56.2	9.9	9.9	9.5
67838	Dnajb11	235.4	229.7	243.4	40.1	40.1	36.6
67839	Gpsm1	1.4	1.5	1.4	6.3	6.3	6.3
67840	Mrpl57	28.0	28.8	29.4	6.8	6.8	7.2
67844	Rab32	0.7	0.8	0.6	5.8	5.8	6.7
67846	Tmem39a	67.6	71.6	63.5	12.2	12.2	13.0
67849	Cdca5	32.0	33.2	30.1	2.1	2.1	1.6
67887	Saraf	95.3	95.4	108.2	17.5	17.5	18.6
67888	Tmem100	1.6	2.0	2.7	0.3	0.3	0.4
67895	Ppa1	183.0	187.1	179.7	13.9	13.9	13.3
67916	Ppap2b	0.0	0.0	0.0	6.6	6.6	6.4
67941	Rps27l	340.1	381.2	324.4	40.7	40.7	50.9
67951	Tubb6	22.5	23.7	17.8	2.7	2.7	2.3
67991	Nacc2	2.4	2.7	2.4	0.2	0.2	0.3
67998	Fam134c	10.8	11.8	11.3	52.1	52.1	51.7
68010	Bambi	0.2	0.2	0.2	1.2	1.2	0.8
68014	Zwilch	23.4	28.2	23.7	2.1	2.1	2.1
68026	2810417H13Rik	134.9	136.3	113.9	6.2	6.2	7.3
68038	Chid1	20.6	21.9	22.4	4.8	4.8	4.6
68070	Pdzd2	0.2	0.3	0.3	1.1	1.1	1.4
68119	Cmtm3	1.2	0.6	0.9	6.7	6.7	8.5
68128	Fam120aos	1.5	1.4	1.6	6.4	6.4	5.7
68201	Ccdc34	13.0	12.4	10.4	3.0	3.0	2.8
68203	Diras2	0.2	0.3	0.2	2.5	2.5	2.6
68262	Agpat4	32.2	31.7	32.2	7.3	7.3	7.3
68279	Mcoln2	51.6	53.7	59.8	12.6	12.6	15.1
68298	Ncapd2	109.8	113.7	104.4	13.7	13.7	14.7
68316	Apoo	17.6	16.7	14.6	4.0	4.0	3.7
68323	Nudt22	17.7	19.2	19.2	4.1	4.1	4.3
68385	Tlcd1	3.3	3.5	3.4	0.6	0.6	0.7
68480	1110007C09Rik	5.2	4.7	3.5	19.1	19.1	18.3
68507	Ppfia4	0.1	0.1	0.1	2.8	2.8	3.1
68520	Zfyve21	15.9	19.8	17.5	1.7	1.7	2.0
68549	Sgol2a	13.0	12.7	11.9	0.9	0.9	0.9
68552	Smim14	13.6	12.7	13.9	126.5	126.5	132.4
68591	Mocos	1.9	1.9	2.0	0.2	0.2	0.2
68612	Ube2c	171.8	172.0	159.2	5.7	5.7	5.3
68644	Abhd14a	6.7	8.1	7.0	1.7	1.7	2.0
68682	Slc44a2	18.7	20.2	19.9	132.4	132.4	131.1
68708	Rabl2	2.5	2.5	2.1	0.5	0.5	0.8
68732	Lrrc16a	0.5	0.5	0.8	6.6	6.6	7.4
68743	Anln	12.2	12.0	11.1	0.6	0.6	0.7
68778	Gucd1	3.1	3.3	3.4	19.8	19.8	19.9
68796	Tmem214	122.2	126.4	129.1	17.2	17.2	16.5
68813	Dock5	0.0	0.0	0.1	1.8	1.8	1.7
68875	Tmcc2	0.1	0.0	0.1	0.8	0.8	1.5
68891	Cd177	0.0	0.0	0.0	1.2	1.2	1.4
68992	Zfp580	3.5	3.8	4.2	0.7	0.7	1.0
69019	Spcs1	157.3	164.1	155.5	20.4	20.4	21.5
69065	Chac1	22.1	29.6	21.2	0.1	0.1	0.1
69071	Tmem97	113.1	109.8	105.6	5.9	5.9	6.1
69080	Gmppa	139.4	148.7	143.8	20.8	20.8	23.8
69091	Vps26b	7.9	8.1	7.6	1.7	1.7	1.8
69169	Fcmr	9.0	10.1	15.8	734.3	734.3	638.9
69189	Mcemp1	0.0	0.0	0.1	6.1	6.1	6.1
69206	2010016I18Rik	0.4	0.6	0.5	2.4	2.4	3.3
69270	Gins1	24.3	28.9	25.2	3.1	3.1	2.8
69288	Rhobtb1	24.9	23.9	27.4	0.3	0.3	0.5
69548	2310015A10Rik	0.7	0.5	1.0	11.6	11.6	13.3
69550	Bst2	144.3	158.9	224.4	27.8	27.8	33.2
69608	Sec24d	75.0	70.2	70.3	2.1	2.1	2.6
69706	Lrr1	10.6	10.2	10.3	0.3	0.3	0.2
69716	Trip13	14.8	15.8	12.4	2.1	2.1	2.3
69719	Cad	51.0	49.9	49.6	12.5	12.5	12.6
69743	Casz1	0.3	0.2	0.3	3.6	3.6	3.1
69745	Pold4	27.5	29.2	27.1	155.7	155.7	141.6
69769	Tnfaip8l2	2.4	1.7	2.0	28.0	28.0	30.0
69774	Ms4a6b	2.2	2.1	2.6	27.4	27.4	33.6
69806	Slc39a11	12.0	12.5	14.0	1.6	1.6	1.5
69809	1810046K07Rik	8.5	9.7	10.6	1.8	1.8	1.9
69816	Mzb1	1556.4	1653.0	1664.9	143.8	143.8	150.4
69885	Aunip	16.0	16.3	15.6	0.4	0.4	0.3
69903	Rasip1	6.1	5.7	6.4	0.1	0.1	0.2
69908	Rab3b	1.0	0.9	1.1	0.1	0.1	0.0
69993	Chn2	0.0	0.0	0.0	1.9	1.9	2.0
70021	Nt5dc2	18.9	21.9	21.1	0.8	0.8	0.7
70024	Mcm10	16.0	16.7	15.5	0.6	0.6	0.6
70059	Degs2	0.4	0.6	0.5	6.4	6.4	8.2
70086	Cysltr2	2.3	2.1	3.3	0.1	0.1	0.3
70097	Sash1	0.3	0.3	0.2	2.2	2.2	3.3
70101	Cyp4f16	0.8	1.0	1.4	11.7	11.7	13.2
70152	Mettl7a1	0.2	0.2	0.3	4.0	4.0	4.3
70218	Kif18b	30.4	30.7	26.8	0.9	0.9	1.0
70223	Nars	243.8	240.6	225.5	50.3	50.3	48.1
70235	Poc1a	17.1	17.6	15.2	2.1	2.1	2.6
70314	Rabep2	9.3	10.5	9.4	40.6	40.6	41.3
70361	Lman1	191.9	177.5	193.6	11.9	11.9	12.0
70385	Spdl1	17.1	16.5	13.8	2.6	2.6	2.7
70415	Stk26	3.2	3.6	2.4	15.2	15.2	17.6
70451	Dhrs13	2.9	3.2	2.7	0.3	0.3	0.4
70458	2610318N02Rik	21.2	25.2	22.0	2.3	2.3	2.2
70466	Ckap2l	29.5	28.4	26.8	1.1	1.1	1.0
70484	Slc35d2	1.4	1.2	1.2	6.8	6.8	8.2
70497	Arhgap17	6.1	5.8	5.6	56.2	56.2	58.2
70546	Zdhhc2	1.4	1.5	0.5	0.3	0.3	0.2
70551	Tmtc4	6.0	6.0	6.8	1.6	1.6	1.3
70574	Cpm	1.9	1.6	1.5	22.5	22.5	20.5
70598	Filip1	0.8	0.9	0.7	0.0	0.0	0.0
70615	Ankrd24	1.5	1.6	1.9	0.3	0.3	0.3
70645	Oip5	18.6	19.2	18.8	1.1	1.1	1.3
70713	Gpr137c	0.5	0.4	0.5	2.3	2.3	2.5
70747	Tspan2	0.5	0.4	0.6	7.7	7.7	8.2
70789	Kynu	1.1	0.7	0.8	12.9	12.9	13.9
70882	Armc3	0.0	0.0	0.0	1.6	1.6	1.2
70896	Speer1	21.6	24.2	17.3	0.1	0.1	0.1
70979	Fancd2os	2.7	2.3	2.1	0.4	0.4	0.2
71085	Arhgap19	21.0	21.2	17.0	2.7	2.7	2.9
71091	Cdkl1	0.2	0.1	0.0	5.9	5.9	6.2
71093	Atoh8	5.0	4.9	6.4	0.0	0.0	0.0
71149	4933413G19Rik	3.2	4.4	3.8	0.0	0.0	0.0
71169	Nbas	32.2	29.9	35.6	4.9	4.9	5.4
71198	Otud1	1.3	1.1	1.2	28.5	28.5	24.9
71223	Gpr15	5.9	5.1	4.9	0.4	0.4	0.2
71275	Noxred1	1.6	1.7	1.6	10.0	10.0	10.1
71276	Ccdc57	1.2	1.0	1.1	0.1	0.1	0.1
71302	Arhgap26	2.4	2.3	2.2	16.5	16.5	16.0
71361	Aifm2	2.1	2.6	2.7	0.4	0.4	0.5
71409	Fmnl2	0.1	0.0	0.1	1.5	1.5	2.1
71481	Alpk1	0.1	0.1	0.1	0.7	0.7	1.2
71602	Myo1e	6.2	5.6	6.3	47.0	47.0	44.9
71643	Zgrf1	4.7	5.1	4.7	1.0	1.0	1.2
71653	Shtn1	0.1	0.1	0.1	2.0	2.0	2.1
71667	Tmem248	96.5	93.3	102.2	20.8	20.8	18.9
71699	Slc41a3	0.1	0.2	0.1	1.9	1.9	2.2
71703	Armcx3	43.6	42.8	42.4	6.0	6.0	7.6
71704	Arhgef3	2.7	2.2	2.5	51.6	51.6	51.5
71709	Syde1	0.1	0.1	0.1	1.0	1.0	0.9
71738	Mamdc2	1.8	1.9	1.7	0.0	0.0	0.0
71751	Map3k13	1.4	1.4	1.4	0.1	0.1	0.1
71779	8-Mar	3.0	2.7	2.7	0.3	0.3	0.7
71790	Anxa9	7.0	8.4	7.9	1.1	1.1	1.4
71804	Mtfr2	13.8	14.2	12.1	0.4	0.4	0.6
71819	Kif23	20.0	19.9	16.9	2.9	2.9	2.9
71853	Pdia6	536.2	546.4	525.6	66.8	66.8	62.9
71862	Gpr160	16.8	16.2	20.3	0.7	0.7	0.7
71877	Efhc1	4.5	3.7	3.9	0.3	0.3	0.4
71878	Fam83d	7.7	8.7	7.3	0.3	0.3	0.3
71910	Ppapdc1b	141.9	146.3	135.2	3.9	3.9	2.5
71918	Zcchc24	0.9	1.0	1.3	17.0	17.0	14.3
71924	Tube1	8.3	8.9	8.7	1.1	1.1	1.1
71934	Car13	6.0	5.9	5.0	1.3	1.3	1.1
71962	Gatsl3	0.6	0.7	0.7	2.7	2.7	2.5
71988	Esco2	26.7	26.8	24.5	1.3	1.3	1.2
71994	Cnn3	25.2	23.7	24.2	130.8	130.8	120.9
72007	Fndc3b	20.2	19.1	23.9	0.5	0.5	0.6
72023	Cyb561d1	2.8	3.1	2.9	17.9	17.9	16.7
72027	Slc39a4	22.7	23.1	21.4	0.5	0.5	0.6
72029	Cnpy3	9.9	11.0	9.1	58.9	58.9	56.6
72042	Cotl1	35.9	36.0	32.7	265.2	265.2	230.7
72043	Sulf2	0.1	0.2	0.3	5.1	5.1	4.4
72050	Kdelc1	7.5	6.8	5.5	1.4	1.4	1.4
72056	1810055G02Rik	6.4	6.6	7.1	1.8	1.8	1.3
72057	Phf10	100.4	97.0	92.9	21.7	21.7	21.4
72080	Sapcd2	16.0	18.4	15.3	0.2	0.2	0.2
72083	Mzt2	8.2	7.6	7.0	1.8	1.8	2.0
72107	Dscc1	8.3	10.0	9.8	1.3	1.3	1.1
72119	Tpx2	50.6	48.2	46.5	2.2	2.2	1.8
72121	Dennd2d	5.8	6.6	7.1	31.2	31.2	33.0
72145	Wdfy3	0.0	0.1	0.1	0.5	0.5	0.7
72147	Zbtb46	0.0	0.1	0.1	1.4	1.4	1.7
72155	Cenpn	18.6	18.4	17.0	2.6	2.6	2.7
72238	Tbc1d5	1.9	2.0	2.1	9.1	9.1	8.5
72244	1600014C10Rik	2.2	2.3	2.7	9.7	9.7	11.6
72297	B3gnt3	0.4	0.3	0.4	1.5	1.5	1.5
72310	Nkg7	0.1	0.1	0.2	4.4	4.4	4.2
72386	2610035D17Rik	2.9	1.7	1.5	13.3	13.3	15.9
72391	Cdkn3	10.9	11.0	11.5	0.8	0.8	0.6
72415	Sgol1	26.0	25.1	23.1	0.8	0.8	0.8
72429	Dnajc25	16.7	16.7	16.5	4.0	4.0	4.3
72469	Plcd3	2.2	2.4	2.3	0.3	0.3	0.2
72535	Aldh1b1	1.0	0.7	1.0	4.5	4.5	4.7
72536	Tagap	5.3	5.6	5.8	39.6	39.6	36.6
72543	Mvb12b	6.9	6.4	8.2	0.7	0.7	1.1
72569	Bbs5	1.1	1.0	1.2	0.1	0.1	0.3
72658	2700097O09Rik	7.7	8.6	7.9	1.8	1.8	2.1
72668	Skida1	1.8	1.5	1.5	0.2	0.2	0.1
72691	Calhm2	2.8	2.6	3.2	16.2	16.2	15.2
72692	Hnrnpll	3.7	4.0	4.1	0.4	0.4	0.4
72709	C1qtnf6	0.5	0.4	0.5	0.1	0.1	0.1
72720	Zfp248	1.5	1.0	1.1	0.3	0.3	0.3
72747	Ttc39c	1.2	1.1	1.3	0.1	0.1	0.1
72772	Rint1	36.7	39.8	37.4	7.4	7.4	8.3
72787	Ndc1	20.9	23.0	22.0	5.0	5.0	4.7
72821	Scn2b	0.0	0.0	0.0	1.0	1.0	1.0
72865	Cxx1c	0.8	0.8	1.1	5.5	5.5	4.4
72925	1-Mar	0.5	0.5	0.7	80.1	80.1	81.2
73024	Emc7	103.7	103.0	94.0	24.7	24.7	25.3
73086	Rps6ka5	1.5	1.7	1.8	9.6	9.6	10.5
73139	Cenpv	6.8	7.7	8.1	1.8	1.8	1.5
73149	Clec4a3	0.0	0.0	0.0	6.3	6.3	7.4
73182	Pear1	0.6	0.5	0.5	7.9	7.9	8.3
73242	Atat1	30.9	31.4	35.5	4.5	4.5	5.1
73254	Ccdc18	5.0	4.7	4.7	0.6	0.6	0.7
73368	Col20a1	5.7	6.5	7.2	1.4	1.4	1.6
73379	Dcbld2	1.5	1.4	1.3	0.2	0.2	0.3
73456	Izumo1	4.5	4.8	5.8	0.0	0.0	0.0
73667	2410004P03Rik	2.6	2.6	2.9	0.2	0.2	0.1
73690	Glipr1	209.2	230.9	221.5	22.8	22.8	25.0
73723	Sh3bgrl3	128.4	103.1	104.9	548.4	548.4	472.7
73750	Whrn	0.7	0.9	0.9	7.4	7.4	6.2
73804	Kif2c	20.0	20.2	19.9	0.6	0.6	0.9
73998	Herc3	0.8	0.8	0.9	12.9	12.9	13.3
74013	Rftn2	0.9	0.9	1.3	6.7	6.7	7.7
74030	Rin2	0.1	0.1	0.1	1.3	1.3	1.6
74039	Nfam1	0.8	1.1	1.3	24.0	24.0	22.1
74041	Ddias	13.7	15.1	13.6	1.2	1.2	1.2
74048	4632428N05Rik	25.2	24.4	27.9	5.7	5.7	5.9
74096	Hvcn1	22.5	21.4	20.6	356.8	356.8	319.9
74100	Arpp21	0.5	0.5	0.4	0.1	0.1	0.0
74104	Abcb6	16.2	15.6	15.1	2.2	2.2	2.0
74105	Gga2	7.5	7.6	7.3	41.3	41.3	43.2
74107	Cep55	28.1	28.2	26.7	1.5	1.5	1.2
74121	Acoxl	0.8	0.9	0.9	0.1	0.1	0.1
74127	Krt80	0.0	0.0	0.0	1.6	1.6	2.1
74137	Nuak2	4.0	3.9	5.1	29.6	29.6	29.5
74145	F13a1	0.0	0.0	0.0	2.5	2.5	2.6
74150	Slc35f5	13.7	13.8	16.2	2.3	2.3	2.8
74152	Stra6l	0.0	0.0	0.0	3.0	3.0	3.5
74191	P2ry13	0.1	0.2	0.1	1.4	1.4	3.7
74194	Rnd3	0.0	0.1	0.0	2.5	2.5	3.4
74202	Fblim1	1.2	1.3	1.5	0.2	0.2	0.2
74211	1700017B05Rik	48.8	48.1	49.6	9.4	9.4	7.8
74241	Chpf	12.2	12.8	12.9	3.6	3.6	2.4
74246	Gale	27.2	30.3	31.2	3.9	3.9	4.9
74318	Hopx	1.3	1.3	1.2	11.8	11.8	12.2
74478	Snx29	1.4	1.2	1.3	18.0	18.0	18.3
74513	Neto2	2.3	2.2	2.0	0.3	0.3	0.3
74568	Mlkl	8.3	8.5	11.5	0.3	0.3	0.5
74589	Kbtbd12	1.6	1.1	1.3	0.0	0.0	0.0
74596	Cds1	3.1	3.8	4.3	0.3	0.3	0.3
74645	Fam46c	298.0	291.8	309.2	5.0	5.0	4.1
74682	Wdr35	1.7	1.9	1.5	0.3	0.3	0.4
74734	Rhoh	5.7	5.8	5.3	35.4	35.4	38.3
74747	Ddit4	43.7	41.2	43.6	9.6	9.6	10.2
74748	Slamf8	0.2	0.2	0.3	6.4	6.4	5.8
74754	Dhcr24	29.6	26.9	27.6	3.7	3.7	3.7
74840	Manf	309.3	303.1	314.9	32.6	32.6	30.7
74843	Mss51	10.3	10.1	11.2	2.1	2.1	2.9
74901	Kbtbd11	3.6	3.9	5.2	17.8	17.8	15.9
74931	4930481A15Rik	2.7	1.2	1.9	7.7	7.7	7.5
74998	Rab11fip2	0.9	0.8	0.9	4.0	4.0	3.9
75146	Tmem180	3.9	3.3	3.2	0.6	0.6	0.8
751864	Gm9733	0.0	0.0	0.0	7.2	7.2	6.9
75219	Dusp18	0.0	0.1	0.0	0.9	0.9	0.8
75317	Parpbp	17.1	15.2	14.3	0.5	0.5	0.5
75458	Cklf	1.5	2.0	1.5	8.7	8.7	10.4
75547	Akap13	7.3	7.3	6.3	47.8	47.8	50.5
75580	Zbtb4	2.4	2.3	3.0	18.0	18.0	16.3
75612	Gns	2.4	2.2	2.1	39.4	39.4	39.3
75625	Mageh1	2.4	2.8	3.1	0.2	0.2	0.4
75659	Wdr54	2.5	2.2	2.2	0.0	0.0	0.1
75695	Rilpl1	5.0	5.9	6.4	0.9	0.9	1.4
75747	Sesn3	10.7	9.8	11.5	44.3	44.3	44.2
75796	Cdyl2	0.7	1.0	0.8	8.8	8.8	8.4
75909	Vmp1	65.5	71.0	64.9	15.8	15.8	17.4
76024	Gm11346	3.3	2.9	4.1	20.1	20.1	20.2
76044	Ncapg2	36.9	34.1	35.6	1.8	1.8	2.1
76071	Jakmip1	4.0	3.4	4.4	21.4	21.4	19.5
76123	Gpsm2	5.4	4.9	4.8	0.5	0.5	0.7
76131	Depdc1a	10.9	9.7	8.8	0.8	0.8	0.8
76132	Faxc	0.3	0.2	0.3	0.0	0.0	0.0
76137	Mcur1	2.9	2.5	1.9	10.3	10.3	9.2
76267	Fads1	27.6	26.4	27.7	1.0	1.0	1.3
76299	Erp44	210.6	203.6	224.9	43.4	43.4	38.7
76373	Zfp773	0.1	0.2	0.1	0.8	0.8	1.0
76408	Abcc3	0.0	0.0	0.0	0.9	0.9	2.2
76457	Ccdc134	83.5	91.5	89.1	19.7	19.7	19.3
76459	Car12	0.4	0.7	0.3	0.1	0.1	0.0
76464	Casc5	12.4	11.2	10.4	0.9	0.9	1.1
76485	Glt8d1	34.1	37.3	37.5	5.2	5.2	6.2
76566	Fam101b	0.3	0.3	0.4	19.0	19.0	16.8
76574	Mfsd2a	17.1	19.7	15.2	0.5	0.5	0.4
76681	Trim12a	2.4	2.2	3.4	34.6	34.6	39.6
76687	Spcs3	226.8	223.9	226.1	38.9	38.9	40.2
76737	Creld2	484.4	474.2	546.0	27.8	27.8	26.1
76787	Ppfia3	0.5	0.5	0.5	0.0	0.0	0.0
76820	Fam49a	0.9	0.8	0.9	18.0	18.0	19.0
76843	Dtl	10.9	11.8	11.3	0.7	0.7	0.7
76886	Fam81a	0.2	0.2	0.1	0.0	0.0	0.0
76915	Mnd1	3.6	4.1	3.4	0.7	0.7	0.6
77022	2700099C18Rik	20.8	25.4	19.7	1.9	1.9	2.1
77106	Tmem181a	19.5	20.2	22.7	4.6	4.6	4.6
77300	Raph1	6.3	5.6	6.6	0.4	0.4	0.4
77318	Ankrd55	8.7	8.1	8.9	0.1	0.1	0.1
77371	Sec24a	38.8	36.1	38.5	3.1	3.1	3.5
77577	Spns3	1.3	1.5	1.8	8.4	8.4	9.7
77578	Bcl9	3.3	3.3	3.0	19.2	19.2	17.3
77727	6030468B19Rik	0.2	0.3	0.1	2.5	2.5	2.7
77744	Bora	17.4	20.3	16.7	3.4	3.4	4.2
77777	Ulbp1	27.4	28.8	32.3	2.2	2.2	2.1
77782	Polq	10.2	9.8	9.7	1.1	1.1	1.2
77889	Lbh	8.6	7.6	10.2	220.2	220.2	194.9
77974	Rdh12	1.0	1.0	0.6	12.9	12.9	12.6
78134	Lpar4	1.0	1.0	1.2	0.3	0.3	0.0
78252	Nxpe2	0.4	0.2	0.4	14.1	14.1	17.3
78334	Cdk19	8.1	7.4	7.6	34.1	34.1	35.0
78339	Ttyh3	5.3	5.4	6.5	47.9	47.9	38.8
78416	Rnase6	19.9	21.2	22.6	149.5	149.5	147.8
78473	Skap1	0.0	0.0	0.0	0.6	0.6	0.6
78514	Arhgap10	6.3	4.7	4.8	1.3	1.3	1.1
78560	Adgra3	0.1	0.1	0.2	1.6	1.6	1.4
78733	Troap	19.7	21.0	19.2	0.4	0.4	0.7
78749	Filip1l	17.3	16.5	17.8	134.6	134.6	131.6
78751	Zc3h6	1.2	1.0	1.2	6.4	6.4	7.2
78767	Efcab11	0.9	0.8	0.9	0.2	0.2	0.1
78771	Mctp1	0.0	0.0	0.0	0.8	0.8	0.8
78801	Ak7	2.3	1.9	2.3	0.1	0.1	0.1
78816	Gmip	9.5	11.8	9.7	64.8	64.8	63.2
78826	P2ry10	19.7	18.4	19.0	102.9	102.9	100.0
78892	Crispld2	0.0	0.0	0.0	0.9	0.9	0.7
78925	Srd5a1	1.0	1.2	0.9	0.3	0.3	0.2
78943	Ern1	54.8	53.8	57.6	3.1	3.1	3.4
79362	Bhlhe41	33.1	31.5	39.5	7.7	7.7	8.6
79456	Recql4	10.1	11.1	9.1	1.0	1.0	1.0
79554	Cptp	13.5	13.9	14.6	3.3	3.3	3.1
80288	Bcl9l	3.8	3.8	4.0	25.0	25.0	23.0
80290	Gpr146	1.0	0.8	1.1	12.3	12.3	12.2
80291	Rilpl2	182.3	185.7	185.2	40.5	40.5	42.9
80719	Igsf6	1.3	1.6	1.8	9.2	9.2	12.2
80876	Ifitm2	4.5	3.2	3.2	19.0	19.0	19.6
80879	Slc16a3	40.7	34.7	45.3	0.8	0.8	0.8
80884	Maged2	1.6	2.0	2.1	0.4	0.4	0.6
80905	Polh	33.7	32.8	32.9	7.7	7.7	8.3
80914	Uck2	73.0	67.5	74.0	9.9	9.9	8.4
80986	Ckap2	22.5	23.4	22.1	1.0	1.0	1.0
80987	Nckipsd	0.9	1.0	1.0	8.8	8.8	9.0
81500	Sil1	39.4	36.7	45.5	6.4	6.4	5.7
81840	Sorcs2	0.2	0.3	0.3	1.3	1.3	1.9
81897	Tlr9	1.2	1.4	1.3	63.5	63.5	58.6
81907	Tmem108	0.9	1.0	1.1	6.2	6.2	5.6
81910	Rrbp1	176.3	168.1	177.7	24.6	24.6	23.1
83382	Siglece	0.1	0.1	0.1	3.0	3.0	4.6
83396	Glis2	0.8	1.0	0.9	0.2	0.2	0.2
83397	Akap12	4.3	3.7	2.8	14.3	14.3	16.1
83408	Gimap3	36.4	38.3	43.9	186.2	186.2	205.8
83490	Pik3ap1	10.1	9.2	8.6	67.2	67.2	66.9
83672	Sytl3	5.9	5.5	4.8	0.4	0.4	0.5
83921	Tmem2	0.8	0.9	0.8	3.6	3.6	3.3
83925	Trps1	0.5	0.4	0.7	2.5	2.5	2.7
83964	Jam3	4.8	4.8	3.6	0.1	0.1	0.2
84682	Cox4i2	13.0	12.2	16.3	0.0	0.0	0.0
89867	Sec16b	0.0	0.0	0.0	0.7	0.7	0.7
93671	Cd163	0.0	0.0	0.0	1.0	1.0	2.7
93675	Clec2i	3.0	3.5	4.2	89.0	89.0	124.1
93692	Glrx	74.5	75.5	87.0	14.1	14.1	12.7
93695	Gpnmb	1.8	1.8	1.5	0.1	0.1	0.1
93706	Pcdhgc3	0.9	0.9	0.6	0.1	0.1	0.1
94089	Trim7	2.5	2.7	2.6	27.2	27.2	28.1
94094	Trim34a	3.1	2.9	4.7	47.9	47.9	57.6
94181	Nans	52.4	52.1	53.2	9.6	9.6	9.2
94185	Tnfrsf21	0.2	0.2	0.1	3.5	3.5	3.7
94212	Pag1	6.8	6.5	6.0	34.1	34.1	30.6
94275	Maged1	15.5	16.6	14.8	0.7	0.7	1.2
94280	Sfxn3	3.5	3.8	3.9	24.1	24.1	23.7
94332	Cadm3	0.0	0.0	0.0	1.6	1.6	1.3
94353	Hmgn3	26.3	25.3	29.5	5.9	5.9	5.2
97130	C77080	1.9	1.8	1.6	0.2	0.2	0.3
97440	B3gnt9	9.4	10.7	10.2	0.2	0.2	0.3
97487	Cmtm4	4.8	5.2	5.3	0.7	0.7	0.5
97775	D930048N14Rik	0.5	0.4	0.3	2.4	2.4	2.8
98238	Lrrc59	222.9	216.7	211.7	26.8	26.8	26.2
98256	Kmo	2.2	2.0	2.0	59.5	59.5	72.4
98267	Stk17b	46.2	43.9	45.4	290.2	290.2	284.0
98365	Slamf9	34.2	37.4	53.1	6.6	6.6	10.4
98388	Chst10	0.8	0.7	0.6	3.9	3.9	4.9
98496	Pid1	0.0	0.0	0.0	2.0	2.0	1.9
98752	Fcrla	39.6	39.9	39.7	197.8	197.8	198.6
98952	Fam102a	3.9	3.9	4.4	35.7	35.7	29.8
99151	Cercam	3.4	4.3	2.9	0.7	0.7	0.7
99543	Olfml3	8.3	7.5	7.6	0.1	0.1	0.1
99899	Ifi44	1.2	0.9	5.9	0.2	0.2	0.4
